1.000000000000000000e+00 1.020000000000000018e+00 1.060000000000000053e+00 1.149999999999999911e+00 1.183333333333333348e+00 1.207500000000000018e+00 1.366000000000000103e+00 1.508333333333333304e+00 1.715714285714285747e+00 1.963750000000000107e+00 2.431111111111111001e+00 3.214736842105263115e+00 1.684039999999999964e+02 3.055752380952380918e+02 3.898645454545454641e+02 4.615966666666666924e+02 5.054300000000000068e+02 5.709785714285713993e+02 6.001586666666667043e+02 6.258112499999999727e+02 6.529258823529411302e+02 6.749861111111110858e+02 7.025405263157895206e+02 7.226620000000000346e+02
1.000000000000000000e+00 1.020000000000000018e+00 1.020000000000000018e+00 1.110000000000000098e+00 1.179999999999999938e+00 1.277500000000000080e+00 1.397999999999999909e+00 1.580000000000000071e+00 1.735714285714285765e+00 2.101249999999999840e+00 2.556666666666666643e+00 3.137894736842105292e+00 1.322560000000000002e+02 2.788942857142857292e+02 3.663218181818181733e+02 4.648741666666666674e+02 5.014946153846153720e+02 5.486100000000000136e+02 6.071053333333333057e+02 6.329624999999999773e+02 6.688535294117647254e+02 6.738688888888889323e+02 7.012821052631578596e+02 7.221509999999999536e+02
1.000000000000000000e+00 1.020000000000000018e+00 1.060000000000000053e+00 1.120000000000000107e+00 1.176666666666666750e+00 1.290000000000000036e+00 1.461999999999999966e+00 1.573333333333333250e+00 1.737142857142857100e+00 1.951249999999999929e+00 2.669999999999999929e+00 3.006315789473684053e+00 1.553520000000000039e+02 3.141666666666666856e+02 3.830081818181818107e+02 4.583066666666666720e+02 5.262084615384615063e+02 5.595942857142856610e+02 5.975613333333333230e+02 6.251124999999999545e+02 6.571188235294117703e+02 6.857405555555556020e+02 7.071426315789473165e+02 7.182155000000000200e+02
1.000000000000000000e+00 1.060000000000000053e+00 1.030000000000000027e+00 1.090000000000000080e+00 1.239999999999999991e+00 1.304999999999999938e+00 1.437999999999999945e+00 1.504999999999999893e+00 1.732857142857142874e+00 1.978750000000000009e+00 2.754444444444444251e+00 3.221052631578947167e+00 1.477369999999999948e+02 3.114866666666666788e+02 3.765809090909090742e+02 4.568466666666666924e+02 5.045769230769230944e+02 5.559035714285714675e+02 5.932013333333333094e+02 6.139950000000000045e+02 6.566158823529411848e+02 6.807300000000000182e+02 7.073426315789473620e+02 7.155004999999999882e+02
1.000000000000000000e+00 1.060000000000000053e+00 1.080000000000000071e+00 1.084999999999999964e+00 1.166666666666666741e+00 1.262499999999999956e+00 1.374000000000000110e+00 1.506666666666666599e+00 1.645714285714285685e+00 2.027499999999999858e+00 2.490000000000000213e+00 3.294736842105263186e+00 1.332649999999999864e+02 3.100809523809523967e+02 3.743681818181818244e+02 4.522124999999999773e+02 5.091961538461538339e+02 5.598678571428571331e+02 5.986319999999999482e+02 6.305800000000000409e+02 6.624947058823529460e+02 6.853105555555555384e+02 7.070410526315789639e+02 7.204885000000000446e+02
1.000000000000000000e+00 1.020000000000000018e+00 1.030000000000000027e+00 1.139999999999999902e+00 1.149999999999999911e+00 1.254999999999999893e+00 1.417999999999999927e+00 1.481666666666666687e+00 1.728571428571428648e+00 1.947500000000000009e+00 2.737777777777777644e+00 3.148421052631579009e+00 1.782880000000000109e+02 3.147980952380952431e+02 3.810681818181818130e+02 4.610458333333333485e+02 5.311599999999999682e+02 5.619814285714285234e+02 6.115320000000000391e+02 6.363631249999999682e+02 6.620282352941176214e+02 6.841316666666666606e+02 7.010610526315789457e+02 7.295769999999999982e+02
1.000000000000000000e+00 1.020000000000000018e+00 1.040000000000000036e+00 1.100000000000000089e+00 1.183333333333333348e+00 1.262499999999999956e+00 1.419999999999999929e+00 1.493333333333333401e+00 1.687142857142857055e+00 2.029999999999999805e+00 2.509999999999999787e+00 3.052631578947368585e+00 1.154669999999999987e+02 3.202342857142857042e+02 3.809318181818181870e+02 4.602350000000000136e+02 5.045623076923076837e+02 5.625442857142857065e+02 5.821440000000000055e+02 6.246262500000000273e+02 6.656994117647059284e+02 6.756044444444444252e+02 6.955000000000000000e+02 7.301100000000000136e+02
1.000000000000000000e+00 1.020000000000000018e+00 1.070000000000000062e+00 1.110000000000000098e+00 1.213333333333333375e+00 1.280000000000000027e+00 1.393999999999999906e+00 1.533333333333333437e+00 1.699999999999999956e+00 1.948749999999999982e+00 2.577777777777777946e+00 3.181052631578947576e+00 1.818480000000000132e+02 3.179619047619047478e+02 3.752054545454545291e+02 4.757475000000000023e+02 5.019869230769230626e+02 5.692699999999999818e+02 6.137160000000000082e+02 6.299099999999999682e+02 6.527735294117646845e+02 6.901416666666666515e+02 7.158484210526315792e+02 7.201915000000000191e+02
1.000000000000000000e+00 1.020000000000000018e+00 1.070000000000000062e+00 1.114999999999999991e+00 1.166666666666666741e+00 1.260000000000000009e+00 1.427999999999999936e+00 1.493333333333333401e+00 1.825714285714285623e+00 1.985000000000000098e+00 2.439999999999999947e+00 3.357894736842105043e+00 1.677930000000000064e+02 3.098352380952380827e+02 3.636781818181818267e+02 4.558924999999999841e+02 5.255238461538461934e+02 5.614114285714285870e+02 5.847073333333332812e+02 6.243075000000000045e+02 6.652458823529411802e+02 6.830783333333333758e+02 7.021710526315789593e+02 7.240330000000000155e+02
1.000000000000000000e+00 1.000000000000000000e+00 1.070000000000000062e+00 1.084999999999999964e+00 1.196666666666666767e+00 1.267500000000000071e+00 1.397999999999999909e+00 1.578333333333333366e+00 1.792857142857142927e+00 2.017500000000000071e+00 2.676666666666666750e+00 3.200000000000000178e+00 1.529960000000000093e+02 2.928647619047619060e+02 3.814418181818181779e+02 4.479700000000000273e+02 5.108299999999999841e+02 5.589992857142857474e+02 6.021280000000000427e+02 6.312318749999999454e+02 6.589994117647058829e+02 6.809122222222222263e+02 7.029668421052631402e+02 7.153890000000000100e+02
1.000000000000000000e+00 1.000000000000000000e+00 1.070000000000000062e+00 1.120000000000000107e+00 1.163333333333333330e+00 1.302499999999999991e+00 1.344000000000000083e+00 1.538333333333333330e+00 1.731428571428571539e+00 2.027499999999999858e+00 2.631111111111111178e+00 2.934736842105263310e+00 1.681349999999999909e+02 3.096600000000000250e+02 3.817245454545454777e+02 4.643091666666666697e+02 5.268607692307692787e+02 5.569971428571428760e+02 6.032759999999999536e+02 6.348668750000000500e+02 6.585441176470587834e+02 6.896583333333333030e+02 7.101336842105263258e+02 7.223555000000000064e+02
1.000000000000000000e+00 1.000000000000000000e+00 1.030000000000000027e+00 1.145000000000000018e+00 1.216666666666666563e+00 1.264999999999999902e+00 1.377999999999999892e+00 1.485000000000000098e+00 1.705714285714285738e+00 2.071250000000000036e+00 2.434444444444444411e+00 2.819999999999999840e+00 1.601030000000000086e+02 3.183971428571428532e+02 3.761281818181818153e+02 4.527541666666666629e+02 5.202207692307691786e+02 5.635528571428571922e+02 5.922346666666666124e+02 6.326675000000000182e+02 6.655099999999999909e+02 6.883983333333333121e+02 6.995363157894736332e+02 7.171430000000000291e+02
1.000000000000000000e+00 1.020000000000000018e+00 1.070000000000000062e+00 1.094999999999999973e+00 1.229999999999999982e+00 1.267500000000000071e+00 1.381999999999999895e+00 1.533333333333333437e+00 1.691428571428571503e+00 2.017500000000000071e+00 2.501111111111111285e+00 2.939999999999999947e+00 1.585720000000000027e+02 3.134438095238095343e+02 3.591445454545454368e+02 4.641100000000000136e+02 5.151284615384615790e+02 5.554085714285714630e+02 5.944913333333333867e+02 6.414231250000000273e+02 6.549047058823529142e+02 6.801522222222222354e+02 7.025115789473684345e+02 7.255240000000000009e+02
1.000000000000000000e+00 1.000000000000000000e+00 1.030000000000000027e+00 1.129999999999999893e+00 1.176666666666666750e+00 1.340000000000000080e+00 1.330000000000000071e+00 1.516666666666666607e+00 1.651428571428571468e+00 1.981249999999999956e+00 2.474444444444444446e+00 3.401052631578947327e+00 1.278130000000000024e+02 3.042790476190476170e+02 3.526109090909091037e+02 4.587049999999999841e+02 5.212184615384614972e+02 5.479614285714285415e+02 5.969160000000000537e+02 6.332843749999999545e+02 6.703447058823529687e+02 6.763511111111110949e+02 7.050689473684210498e+02 7.200025000000000546e+02
1.000000000000000000e+00 1.060000000000000053e+00 1.050000000000000044e+00 1.149999999999999911e+00 1.260000000000000009e+00 1.284999999999999920e+00 1.439999999999999947e+00 1.524999999999999911e+00 1.728571428571428648e+00 1.976250000000000062e+00 2.496666666666666590e+00 2.997894736842105168e+00 1.628689999999999998e+02 3.048580952380952453e+02 3.793745454545454550e+02 4.688324999999999818e+02 5.109469230769230990e+02 5.520192857142857292e+02 5.924506666666666206e+02 6.323568749999999454e+02 6.603041176470587743e+02 6.773377777777777737e+02 6.969178947368420722e+02 7.180000000000000000e+02
1.000000000000000000e+00 1.000000000000000000e+00 1.040000000000000036e+00 1.120000000000000107e+00 1.216666666666666563e+00 1.327499999999999902e+00 1.372000000000000108e+00 1.554999999999999938e+00 1.704285714285714182e+00 1.992499999999999938e+00 2.588888888888889017e+00 3.169473684210526443e+00 1.069669999999999987e+02 2.857171428571428464e+02 3.681436363636363467e+02 4.577825000000000273e+02 5.147323076923076997e+02 5.634042857142857201e+02 5.981573333333333267e+02 6.311681250000000318e+02 6.652641176470588107e+02 6.843405555555555111e+02 6.995431578947368507e+02 7.285895000000000437e+02
1.000000000000000000e+00 1.020000000000000018e+00 1.070000000000000062e+00 1.090000000000000080e+00 1.173333333333333339e+00 1.280000000000000027e+00 1.348000000000000087e+00 1.558333333333333348e+00 1.781428571428571361e+00 2.017500000000000071e+00 2.513333333333333197e+00 3.327368421052631753e+00 9.873000000000000398e+01 3.229923809523809268e+02 3.597545454545454504e+02 4.475483333333333462e+02 5.209907692307692741e+02 5.572642857142857338e+02 6.056946666666666488e+02 6.429293750000000500e+02 6.630811764705882752e+02 6.851905555555555338e+02 7.092810526315789730e+02 7.151934999999999718e+02
1.000000000000000000e+00 1.000000000000000000e+00 1.040000000000000036e+00 1.104999999999999982e+00 1.179999999999999938e+00 1.287500000000000089e+00 1.328000000000000069e+00 1.546666666666666634e+00 1.747142857142857109e+00 2.018749999999999822e+00 2.733333333333333393e+00 3.234736842105263133e+00 9.616200000000000614e+01 3.069295238095238005e+02 3.735472727272727411e+02 4.539424999999999955e+02 5.110638461538461570e+02 5.642128571428571604e+02 6.125573333333333039e+02 6.396362500000000182e+02 6.653935294117646890e+02 6.891966666666667152e+02 6.955347368421053034e+02 7.285244999999999891e+02
1.000000000000000000e+00 1.040000000000000036e+00 1.030000000000000027e+00 1.114999999999999991e+00 1.166666666666666741e+00 1.287500000000000089e+00 1.375999999999999890e+00 1.574999999999999956e+00 1.725714285714285756e+00 1.967500000000000027e+00 2.644444444444444375e+00 3.060000000000000053e+00 1.393789999999999907e+02 2.892780952380952613e+02 3.907236363636363876e+02 4.435783333333333189e+02 5.174176923076922776e+02 5.577735714285714721e+02 6.027319999999999709e+02 6.179356249999999591e+02 6.545558823529411256e+02 6.781327777777777328e+02 6.987842105263157464e+02 7.202195000000000391e+02
1.000000000000000000e+00 1.020000000000000018e+00 1.030000000000000027e+00 1.149999999999999911e+00 1.196666666666666767e+00 1.307500000000000107e+00 1.370000000000000107e+00 1.518333333333333313e+00 1.698571428571428621e+00 1.968750000000000000e+00 2.608888888888889035e+00 3.127368421052631575e+00 1.433569999999999993e+02 3.190438095238095002e+02 3.702500000000000000e+02 4.497366666666666788e+02 5.146376923076923049e+02 5.603821428571428669e+02 5.977759999999999536e+02 6.425868749999999636e+02 6.497529411764705856e+02 6.802899999999999636e+02 7.008268421052631538e+02 7.193134999999999764e+02
1.000000000000000000e+00 1.020000000000000018e+00 1.040000000000000036e+00 1.129999999999999893e+00 1.239999999999999991e+00 1.267500000000000071e+00 1.379999999999999893e+00 1.626666666666666705e+00 1.717142857142857082e+00 2.117500000000000160e+00 2.602222222222222214e+00 3.047368421052631504e+00 1.370060000000000002e+02 3.104057142857142821e+02 3.766581818181818448e+02 4.681783333333333417e+02 5.150123076923076724e+02 5.732949999999999591e+02 5.945573333333333039e+02 6.468843749999999773e+02 6.674464705882353428e+02 6.799388888888888687e+02 7.064147368421052988e+02 7.250855000000000246e+02
1.000000000000000000e+00 1.139999999999999902e+00 1.020000000000000018e+00 1.084999999999999964e+00 1.193333333333333357e+00 1.237500000000000044e+00 1.370000000000000107e+00 1.489999999999999991e+00 1.652857142857142803e+00 1.969999999999999973e+00 2.506666666666666821e+00 3.137894736842105292e+00 1.338300000000000125e+02 3.068809523809524080e+02 3.815327272727272998e+02 4.611316666666666606e+02 5.169323076923077451e+02 5.693585714285713948e+02 5.988193333333333612e+02 6.287462500000000318e+02 6.566870588235293553e+02 6.808583333333333485e+02 7.088736842105263349e+02 7.134400000000000546e+02
1.000000000000000000e+00 1.040000000000000036e+00 1.080000000000000071e+00 1.104999999999999982e+00 1.226666666666666572e+00 1.264999999999999902e+00 1.397999999999999909e+00 1.573333333333333250e+00 1.758571428571428674e+00 2.006250000000000089e+00 2.514444444444444482e+00 3.113684210526315610e+00 1.420869999999999891e+02 3.161552380952380759e+02 3.874863636363636488e+02 4.360074999999999932e+02 5.054423076923076792e+02 5.580342857142857156e+02 5.922686666666667179e+02 6.258937499999999545e+02 6.623005882352940716e+02 6.795155555555555793e+02 6.958757894736842218e+02 7.156245000000000118e+02
1.000000000000000000e+00 1.000000000000000000e+00 1.030000000000000027e+00 1.114999999999999991e+00 1.186666666666666758e+00 1.264999999999999902e+00 1.374000000000000110e+00 1.543333333333333224e+00 1.738571428571428656e+00 2.036249999999999893e+00 2.572222222222222410e+00 2.919999999999999929e+00 1.390490000000000066e+02 3.048923809523809609e+02 3.771800000000000068e+02 4.662425000000000068e+02 5.121761538461538521e+02 5.655078571428571195e+02 5.975339999999999918e+02 6.367387499999999818e+02 6.641823529411764184e+02 6.806138888888889369e+02 6.994342105263158373e+02 7.202590000000000146e+02
1.000000000000000000e+00 1.020000000000000018e+00 1.050000000000000044e+00 1.094999999999999973e+00 1.173333333333333339e+00 1.287500000000000089e+00 1.405999999999999917e+00 1.543333333333333224e+00 1.778571428571428470e+00 2.067499999999999893e+00 2.598888888888888804e+00 3.160000000000000142e+00 1.191350000000000051e+02 3.027847619047619219e+02 3.996072727272727434e+02 4.578933333333333167e+02 5.153884615384615699e+02 5.604042857142857201e+02 5.897019999999999982e+02 6.386287499999999682e+02 6.522152941176470904e+02 6.865694444444444571e+02 7.147968421052631811e+02 7.204719999999999800e+02
