2.000000000000000000e+00 1.439999999999999947e+00 1.439999999999999947e+00 1.590000000000000080e+00 1.939999999999999947e+00 1.985000000000000098e+00 2.181999999999999940e+00 2.951666666666666661e+00 3.431428571428571495e+00 7.337500000000000355e+00 2.532122222222222092e+02 3.284568421052631493e+02 3.463059999999999832e+02 3.382028571428571695e+02 3.625018181818181802e+02 4.910883333333333098e+02 5.591007692307691741e+02 5.973264285714285506e+02 6.265546666666666624e+02 6.635868749999999636e+02 6.712388235294117749e+02 6.993550000000000182e+02 7.208468421052631356e+02 7.387899999999999636e+02
3.000000000000000000e+00 1.439999999999999947e+00 1.399999999999999911e+00 1.750000000000000000e+00 1.830000000000000071e+00 2.007499999999999840e+00 2.291999999999999815e+00 2.893333333333333535e+00 3.518571428571428683e+00 3.428750000000000142e+01 2.705622222222222035e+02 3.076578947368420813e+02 3.304830000000000041e+02 3.442590476190476352e+02 3.598254545454545337e+02 4.875516666666666765e+02 5.509361538461538430e+02 5.878935714285714766e+02 6.224786666666666406e+02 6.700856250000000500e+02 6.750694117647059329e+02 7.026805555555555429e+02 7.200105263157894342e+02 7.381014999999999873e+02
1.000000000000000000e+00 1.540000000000000036e+00 1.580000000000000071e+00 1.820000000000000062e+00 1.863333333333333286e+00 2.080000000000000071e+00 2.318000000000000060e+00 3.068333333333333357e+00 3.529999999999999805e+00 2.072625000000000028e+01 3.030177777777777806e+02 3.308515789473684094e+02 3.543999999999999773e+02 3.653666666666666742e+02 3.654372727272727275e+02 4.779850000000000136e+02 5.492538461538460979e+02 5.909185714285714539e+02 6.267480000000000473e+02 6.591306250000000091e+02 6.820352941176470267e+02 7.011811111111111359e+02 7.208494736842105794e+02 7.292195000000000391e+02
2.000000000000000000e+00 1.379999999999999893e+00 1.520000000000000018e+00 1.729999999999999982e+00 1.916666666666666741e+00 2.057500000000000107e+00 2.512000000000000011e+00 2.713333333333333375e+00 3.885714285714285676e+00 2.671337500000000205e+02 2.557955555555555520e+02 3.370031578947368303e+02 3.446779999999999973e+02 3.480866666666666447e+02 3.727536363636363603e+02 4.889983333333333348e+02 5.609807692307692832e+02 5.902964285714285779e+02 6.309919999999999618e+02 6.529562499999999545e+02 6.818729411764705901e+02 7.019511111111111177e+02 7.246163157894736742e+02 7.317994999999999663e+02
1.000000000000000000e+00 1.639999999999999902e+00 1.459999999999999964e+00 1.780000000000000027e+00 1.846666666666666679e+00 2.265000000000000124e+00 2.458000000000000185e+00 2.895000000000000018e+00 4.309999999999999609e+00 3.060000000000000142e+01 2.740377777777777624e+02 3.303115789473684458e+02 3.245459999999999923e+02 3.285647619047618946e+02 3.506563636363636647e+02 4.521866666666666674e+02 5.554953846153846371e+02 5.972785714285714675e+02 6.221873333333332994e+02 6.570331250000000409e+02 6.862288235294117840e+02 6.952333333333333485e+02 7.186521052631578641e+02 7.288105000000000473e+02
1.000000000000000000e+00 1.479999999999999982e+00 1.530000000000000027e+00 1.614999999999999991e+00 1.796666666666666634e+00 2.185000000000000053e+00 2.326000000000000068e+00 2.658333333333333215e+00 3.928571428571428381e+00 1.198874999999999957e+01 2.873166666666666629e+02 3.047452631578947262e+02 3.467590000000000146e+02 3.531704761904761654e+02 3.357790909090908826e+02 4.915366666666666902e+02 5.399315384615384801e+02 5.875750000000000455e+02 6.243360000000000127e+02 6.505093749999999773e+02 6.736270588235294099e+02 6.971255555555555929e+02 7.127673684210526517e+02 7.391559999999999491e+02
1.000000000000000000e+00 1.520000000000000018e+00 1.570000000000000062e+00 1.639999999999999902e+00 1.876666666666666705e+00 1.965000000000000080e+00 2.266000000000000014e+00 2.568333333333333357e+00 3.341428571428571637e+00 9.131249999999999645e+00 2.985866666666666447e+02 3.014326315789473938e+02 3.387130000000000223e+02 3.464933333333333394e+02 3.475863636363636147e+02 4.863958333333333144e+02 5.355830769230768738e+02 5.953007142857143208e+02 6.356180000000000518e+02 6.476506249999999909e+02 6.766794117647058329e+02 7.042500000000000000e+02 7.224047368421053079e+02 7.353184999999999718e+02
1.000000000000000000e+00 1.459999999999999964e+00 1.379999999999999893e+00 1.665000000000000036e+00 1.886666666666666714e+00 2.017500000000000071e+00 2.236000000000000210e+00 2.881666666666666821e+00 4.098571428571428754e+00 7.065000000000000391e+00 2.596044444444444252e+02 3.044599999999999795e+02 3.598770000000000095e+02 3.550228571428571627e+02 3.707972727272727411e+02 4.886958333333333258e+02 5.537369230769230626e+02 5.966135714285713902e+02 6.340099999999999909e+02 6.618356250000000500e+02 6.779911764705882433e+02 6.991394444444443934e+02 7.177742105263157555e+02 7.303920000000000528e+02
1.000000000000000000e+00 1.439999999999999947e+00 1.620000000000000107e+00 1.790000000000000036e+00 1.889999999999999902e+00 2.232499999999999929e+00 2.386000000000000121e+00 2.913333333333333552e+00 3.250000000000000000e+00 1.138874999999999993e+01 2.942366666666666788e+02 3.082642105263157646e+02 3.255749999999999886e+02 3.543399999999999750e+02 3.498472727272727525e+02 4.841758333333333439e+02 5.487823076923076542e+02 5.868521428571428942e+02 6.321319999999999482e+02 6.604868750000000546e+02 6.806100000000000136e+02 7.117555555555555884e+02 7.179810526315789048e+02 7.281000000000000227e+02
2.000000000000000000e+00 1.620000000000000107e+00 1.780000000000000027e+00 1.645000000000000018e+00 1.760000000000000009e+00 2.047499999999999876e+00 2.311999999999999833e+00 2.736666666666666803e+00 3.877142857142857224e+00 7.974999999999999645e+00 2.696499999999999773e+02 3.339063157894736946e+02 3.466379999999999768e+02 3.308609523809523694e+02 3.589627272727272498e+02 4.756366666666666561e+02 5.585915384615384482e+02 5.935814285714285461e+02 6.311159999999999854e+02 6.523768750000000409e+02 6.741035294117647254e+02 7.021766666666666197e+02 7.118821052631578823e+02 7.302240000000000464e+02
1.000000000000000000e+00 1.600000000000000089e+00 1.399999999999999911e+00 1.790000000000000036e+00 1.996666666666666590e+00 1.945000000000000062e+00 2.371999999999999886e+00 2.863333333333333286e+00 3.672857142857143042e+00 8.056250000000000355e+00 2.976877777777777965e+02 3.094273684210526199e+02 3.248740000000000236e+02 3.370342857142857156e+02 3.721600000000000250e+02 4.888658333333333417e+02 5.515599999999999454e+02 5.971528571428571013e+02 6.274913333333333867e+02 6.534356249999999591e+02 6.869023529411764457e+02 7.029944444444444116e+02 7.139189473684210725e+02 7.291130000000000564e+02
1.000000000000000000e+00 1.479999999999999982e+00 1.560000000000000053e+00 1.620000000000000107e+00 1.790000000000000036e+00 1.979999999999999982e+00 2.673999999999999932e+00 2.584999999999999964e+00 3.931428571428571495e+00 5.707499999999999574e+00 2.757533333333333303e+02 3.120673684210526062e+02 3.441789999999999736e+02 3.419266666666666765e+02 3.781409090909090764e+02 4.839158333333333530e+02 5.549961538461539021e+02 5.973092857142856928e+02 6.341013333333332866e+02 6.569937499999999773e+02 6.780452941176470176e+02 7.008561111111110904e+02 7.167484210526315564e+02 7.362595000000000027e+02
1.000000000000000000e+00 1.560000000000000053e+00 1.409999999999999920e+00 1.500000000000000000e+00 1.790000000000000036e+00 2.120000000000000107e+00 2.475999999999999979e+00 2.600000000000000089e+00 3.737142857142857100e+00 8.976250000000000284e+00 2.582488888888888710e+02 3.186273684210526085e+02 3.370179999999999723e+02 3.552619047619047592e+02 3.487118181818181597e+02 4.819191666666666833e+02 5.365546153846154311e+02 5.819550000000000409e+02 6.316720000000000255e+02 6.542274999999999636e+02 6.762000000000000455e+02 7.030988888888888368e+02 7.201978947368421586e+02 7.363999999999999773e+02
5.000000000000000000e+00 1.639999999999999902e+00 1.489999999999999991e+00 1.685000000000000053e+00 1.873333333333333295e+00 2.142500000000000071e+00 2.475999999999999979e+00 3.004999999999999893e+00 3.859999999999999876e+00 5.672500000000000320e+00 3.093255555555555816e+02 3.049747368421052442e+02 3.351689999999999827e+02 3.432095238095238301e+02 3.720727272727272634e+02 4.718891666666666538e+02 5.436799999999999500e+02 5.925299999999999727e+02 6.321746666666666670e+02 6.444506249999999454e+02 6.896170588235294190e+02 7.000305555555555657e+02 7.161394736842105431e+02 7.282920000000000300e+02
1.000000000000000000e+00 1.679999999999999938e+00 1.459999999999999964e+00 1.620000000000000107e+00 2.063333333333333464e+00 1.987500000000000044e+00 2.467999999999999972e+00 2.975000000000000089e+00 3.605714285714285872e+00 9.355000000000000426e+00 3.148944444444444457e+02 3.051126315789473438e+02 3.556100000000000136e+02 3.247866666666666902e+02 3.611600000000000250e+02 4.699633333333333098e+02 5.499346153846154266e+02 6.057071428571429124e+02 6.451019999999999754e+02 6.637606250000000045e+02 6.744635294117647391e+02 7.052744444444444980e+02 7.195426315789474074e+02 7.360594999999999573e+02
1.000000000000000000e+00 1.459999999999999964e+00 1.469999999999999973e+00 1.764999999999999902e+00 1.793333333333333224e+00 2.209999999999999964e+00 2.414000000000000146e+00 2.606666666666666465e+00 3.629999999999999893e+00 1.704749999999999943e+01 2.950699999999999932e+02 3.111736842105262895e+02 3.294610000000000127e+02 3.280171428571428578e+02 3.502009090909090787e+02 4.619750000000000227e+02 5.467484615384615836e+02 5.905457142857143253e+02 6.338973333333333358e+02 6.499143749999999500e+02 6.845347058823529096e+02 6.988422222222221762e+02 7.086642105263157418e+02 7.271970000000000027e+02
1.000000000000000000e+00 1.320000000000000062e+00 1.600000000000000089e+00 1.754999999999999893e+00 1.963333333333333375e+00 2.020000000000000018e+00 2.266000000000000014e+00 2.581666666666666554e+00 3.622857142857142776e+00 2.073000000000000043e+01 2.797877777777777624e+02 2.962673684210526517e+02 3.329209999999999923e+02 3.526390476190476306e+02 3.591109090909091037e+02 4.955491666666666788e+02 5.449969230769230535e+02 5.963128571428571831e+02 6.324973333333333585e+02 6.612087500000000091e+02 6.689152941176470222e+02 6.947544444444444025e+02 7.175152631578947648e+02 7.339969999999999573e+02
2.000000000000000000e+00 1.560000000000000053e+00 1.679999999999999938e+00 1.705000000000000071e+00 1.706666666666666776e+00 2.077500000000000124e+00 2.298000000000000043e+00 2.806666666666666643e+00 3.741428571428571548e+00 1.772125000000000128e+01 2.639499999999999886e+02 3.284831578947368484e+02 3.286970000000000027e+02 3.664504761904761949e+02 3.566609090909091151e+02 4.757633333333333212e+02 5.634569230769230899e+02 5.896021428571428942e+02 6.267766666666666424e+02 6.527118749999999636e+02 6.800682352941176987e+02 7.045072222222222535e+02 7.228689473684210043e+02 7.345265000000000555e+02
3.000000000000000000e+00 1.479999999999999982e+00 1.540000000000000036e+00 1.620000000000000107e+00 1.806666666666666643e+00 2.129999999999999893e+00 2.290000000000000036e+00 2.839999999999999858e+00 3.990000000000000213e+00 7.593750000000000000e+00 3.087811111111111018e+02 3.163673684210526176e+02 3.248290000000000077e+02 3.536209523809523603e+02 3.711436363636363467e+02 4.703516666666666879e+02 5.512400000000000091e+02 6.028728571428571286e+02 6.303533333333333530e+02 6.512100000000000364e+02 6.793282352941176896e+02 6.972849999999999682e+02 7.190094736842105476e+02 7.341994999999999436e+02
1.000000000000000000e+00 1.419999999999999929e+00 1.860000000000000098e+00 1.574999999999999956e+00 1.873333333333333295e+00 2.142500000000000071e+00 2.435999999999999943e+00 2.810000000000000053e+00 3.857142857142857206e+00 9.429999999999999716e+00 2.838477777777777646e+02 3.253747368421052784e+02 3.383690000000000282e+02 3.389314285714285688e+02 3.595336363636363899e+02 4.872099999999999795e+02 5.466215384615384210e+02 6.004914285714286279e+02 6.201499999999999773e+02 6.516056250000000318e+02 6.859664705882353246e+02 7.002761111111111632e+02 7.189689473684210270e+02 7.365204999999999700e+02
1.000000000000000000e+00 1.580000000000000071e+00 1.449999999999999956e+00 1.729999999999999982e+00 1.750000000000000000e+00 2.209999999999999964e+00 2.528000000000000025e+00 2.796666666666666856e+00 3.887142857142857011e+00 8.052500000000000213e+00 2.839344444444444662e+02 3.475884210526315883e+02 3.300079999999999814e+02 3.556904761904762040e+02 3.665427272727272907e+02 4.772183333333333053e+02 5.629115384615384983e+02 5.990742857142856792e+02 6.272780000000000200e+02 6.563231250000000045e+02 6.747029411764706310e+02 6.996338888888889187e+02 7.186484210526315337e+02 7.332989999999999782e+02
1.000000000000000000e+00 1.360000000000000098e+00 1.469999999999999973e+00 1.639999999999999902e+00 1.773333333333333428e+00 2.240000000000000213e+00 2.561999999999999833e+00 2.906666666666666732e+00 3.472857142857142865e+00 1.939999999999999858e+01 3.232833333333333599e+02 3.058178947368421063e+02 3.406569999999999823e+02 3.544476190476190709e+02 3.529900000000000091e+02 4.747191666666666947e+02 5.576330769230769420e+02 6.014178571428570876e+02 6.222540000000000191e+02 6.715043749999999818e+02 6.906200000000000045e+02 7.070744444444444525e+02 7.150752631578947103e+02 7.381085000000000491e+02
3.000000000000000000e+00 1.540000000000000036e+00 1.580000000000000071e+00 1.655000000000000027e+00 1.776666666666666616e+00 1.949999999999999956e+00 2.648000000000000131e+00 2.720000000000000195e+00 3.754285714285714448e+00 2.058500000000000085e+01 3.071966666666666583e+02 3.139473684210526585e+02 3.252889999999999873e+02 3.423333333333333144e+02 3.497236363636363876e+02 4.752733333333333121e+02 5.444669230769230808e+02 5.889678571428571558e+02 6.227626666666666324e+02 6.591031249999999773e+02 6.835670588235294645e+02 6.978983333333333121e+02 7.105789473684210407e+02 7.284180000000000064e+02
1.000000000000000000e+00 1.760000000000000009e+00 1.500000000000000000e+00 1.695000000000000062e+00 1.756666666666666599e+00 2.095000000000000195e+00 2.435999999999999943e+00 2.825000000000000178e+00 3.932857142857142829e+00 1.263499999999999979e+01 1.953955555555555463e+02 2.919842105263157919e+02 3.317699999999999818e+02 3.255847619047618764e+02 3.573636363636363740e+02 4.853558333333333508e+02 5.478853846153846234e+02 6.006157142857142617e+02 6.384893333333333203e+02 6.576599999999999682e+02 6.754870588235294235e+02 6.988583333333333485e+02 7.144468421052631584e+02 7.283284999999999627e+02
1.000000000000000000e+00 1.320000000000000062e+00 1.540000000000000036e+00 1.695000000000000062e+00 1.893333333333333313e+00 2.154999999999999805e+00 2.415999999999999925e+00 2.578333333333333144e+00 3.752857142857142669e+00 1.886287499999999966e+02 2.786399999999999864e+02 3.386863157894736673e+02 3.135799999999999841e+02 3.387123809523809541e+02 3.629281818181818267e+02 4.697699999999999818e+02 5.592953846153845916e+02 5.968300000000000409e+02 6.353319999999999936e+02 6.635175000000000409e+02 6.741241176470588243e+02 6.916477777777778329e+02 7.168778947368421086e+02 7.268585000000000491e+02
