4.500000000000000000e+01 1.960000000000000142e+01 2.819000000000000128e+01 5.865950000000000273e+02 7.381933333333333849e+02 8.204950000000000045e+02 8.043400000000000318e+02 8.418799999999999955e+02 8.489614285714285415e+02 8.443137500000000273e+02 8.469299999999999500e+02 8.613042105263158419e+02 8.613089999999999691e+02 8.638390476190476193e+02 8.695299999999999727e+02 8.814058333333333621e+02 8.569038461538461888e+02 8.896892857142856883e+02 8.728113333333333230e+02 8.820931249999999864e+02 8.670694117647059329e+02 8.882427777777777465e+02 8.840563157894737287e+02 8.847124999999999773e+02
2.900000000000000000e+01 1.235999999999999943e+01 2.755999999999999872e+01 6.285599999999999454e+02 7.615866666666667015e+02 8.222400000000000091e+02 8.025579999999999927e+02 8.242400000000000091e+02 8.346242857142857474e+02 8.479774999999999636e+02 8.453866666666666561e+02 8.761431578947368735e+02 8.758890000000000100e+02 8.603209523809523489e+02 8.546445454545454368e+02 8.681266666666666652e+02 8.800207692307692469e+02 8.596399999999999864e+02 8.827740000000000009e+02 8.631518750000000182e+02 8.753429411764706174e+02 8.725255555555555702e+02 8.844473684210526017e+02 8.750679999999999836e+02
3.000000000000000000e+00 1.067999999999999972e+01 2.508999999999999986e+01 6.384700000000000273e+02 7.450299999999999727e+02 7.523775000000000546e+02 8.238479999999999563e+02 8.173500000000000227e+02 8.319614285714285415e+02 8.404325000000000045e+02 8.481977777777777874e+02 8.608442105263158055e+02 8.638079999999999927e+02 8.486133333333333439e+02 8.676154545454545541e+02 8.799491666666666561e+02 8.592976923076922731e+02 8.710142857142857338e+02 8.636739999999999782e+02 8.625018750000000409e+02 8.840035294117647027e+02 8.730616666666666106e+02 8.842094736842104794e+02 8.812580000000000382e+02
3.000000000000000000e+01 1.208000000000000007e+01 2.536299999999999955e+02 6.467150000000000318e+02 7.556133333333333439e+02 7.896200000000000045e+02 8.327480000000000473e+02 8.107549999999999955e+02 8.388028571428571922e+02 8.262549999999999955e+02 8.599755555555555020e+02 8.497452631578947830e+02 8.554149999999999636e+02 8.667647619047619401e+02 8.583272727272727707e+02 8.563941666666667061e+02 8.712853846153846007e+02 8.785164285714286052e+02 8.768406666666667206e+02 8.807531249999999545e+02 8.768335294117647436e+02 8.736000000000000227e+02 8.860668421052631629e+02 8.954389999999999645e+02
2.000000000000000000e+00 9.619999999999999218e+00 3.512699999999999818e+02 6.907050000000000409e+02 7.589133333333332985e+02 7.781525000000000318e+02 8.015019999999999527e+02 8.238783333333333303e+02 8.553042857142856974e+02 8.520349999999999682e+02 8.642644444444443934e+02 8.649157894736841854e+02 8.702519999999999527e+02 8.710895238095238255e+02 8.721872727272726706e+02 8.757558333333333849e+02 8.761053846153846507e+02 8.783821428571428669e+02 8.814660000000000082e+02 8.752943749999999454e+02 8.628041176470587743e+02 8.712483333333333348e+02 8.794121052631578550e+02 8.834674999999999727e+02
9.000000000000000000e+00 1.540000000000000036e+01 1.813400000000000034e+02 6.573350000000000364e+02 7.616333333333333258e+02 8.377000000000000455e+02 8.180299999999999727e+02 8.311266666666666652e+02 8.342957142857143253e+02 8.598537499999999909e+02 8.709155555555555566e+02 8.602242105263158010e+02 8.652630000000000337e+02 8.622733333333333121e+02 8.543600000000000136e+02 8.716108333333332894e+02 8.616684615384615427e+02 8.703192857142856838e+02 8.838993333333332885e+02 8.776593749999999545e+02 8.760364705882352609e+02 8.748211111111111222e+02 8.817157894736842536e+02 8.844500000000000455e+02
1.900000000000000000e+01 1.258000000000000007e+01 3.784300000000000068e+02 6.702000000000000455e+02 7.555433333333332939e+02 7.958474999999999682e+02 8.164360000000000355e+02 8.225166666666666515e+02 8.621357142857142435e+02 8.445425000000000182e+02 8.542355555555556066e+02 8.438821052631578823e+02 8.518029999999999973e+02 8.772409523809524217e+02 8.860127272727272612e+02 8.561316666666666606e+02 8.735153846153846189e+02 8.609214285714285779e+02 8.773693333333333157e+02 8.805856250000000500e+02 8.900364705882352609e+02 8.774199999999999591e+02 8.837763157894736423e+02 8.734310000000000400e+02
1.300000000000000000e+01 1.166000000000000014e+01 3.414000000000000057e+01 6.950850000000000364e+02 7.828300000000000409e+02 8.104125000000000227e+02 7.802100000000000364e+02 8.587333333333333485e+02 8.399957142857142571e+02 8.569650000000000318e+02 8.681255555555555929e+02 8.565631578947368325e+02 8.765090000000000146e+02 8.610076190476190732e+02 8.625000000000000000e+02 8.676458333333333712e+02 8.782746153846153447e+02 8.826335714285713721e+02 8.689400000000000546e+02 8.932381249999999682e+02 8.762594117647058738e+02 8.856866666666666106e+02 8.913589473684210134e+02 8.715410000000000537e+02
4.000000000000000000e+00 1.538000000000000078e+01 4.120600000000000023e+02 6.734700000000000273e+02 7.718166666666667197e+02 7.827474999999999454e+02 8.101119999999999663e+02 8.271383333333333212e+02 8.026171428571428805e+02 8.528287500000000136e+02 8.677011111111111177e+02 8.554305263157895070e+02 8.623350000000000364e+02 8.630419047619047888e+02 8.707463636363636397e+02 8.774691666666666379e+02 8.748823076923076769e+02 8.735471428571428305e+02 8.783700000000000045e+02 8.737537499999999682e+02 8.783405882352941489e+02 8.747855555555555611e+02 8.924205263157895160e+02 8.725575000000000045e+02
2.000000000000000000e+00 9.460000000000000853e+00 1.821000000000000085e+01 6.796749999999999545e+02 7.343799999999999955e+02 7.784624999999999773e+02 8.208319999999999936e+02 8.348266666666667106e+02 8.375071428571428669e+02 8.440049999999999955e+02 8.425499999999999545e+02 8.435063157894736605e+02 8.711100000000000136e+02 8.695361904761904270e+02 8.860672727272727798e+02 8.818316666666667061e+02 8.783815384615384119e+02 8.805721428571428078e+02 8.787813333333333503e+02 8.789800000000000182e+02 8.869476470588235770e+02 8.864672222222221762e+02 8.745652631578947194e+02 8.871509999999999536e+02
2.200000000000000000e+01 1.719999999999999929e+01 3.797999999999999687e+01 6.616449999999999818e+02 7.482233333333333576e+02 8.042675000000000409e+02 8.167359999999999900e+02 8.471433333333333167e+02 8.416214285714286234e+02 8.568537499999999909e+02 8.435655555555555338e+02 8.740042105263157737e+02 8.596159999999999854e+02 8.585019047619047114e+02 8.615836363636364013e+02 8.676683333333332939e+02 8.660446153846154402e+02 8.677435714285713857e+02 8.693313333333333048e+02 8.662362500000000409e+02 8.655158823529411620e+02 8.768933333333333167e+02 8.818310526315789275e+02 8.734664999999999964e+02
7.000000000000000000e+00 1.130000000000000071e+01 3.064399999999999977e+02 6.243049999999999500e+02 7.560733333333333803e+02 7.766499999999999773e+02 8.294299999999999500e+02 8.343849999999999909e+02 8.475199999999999818e+02 8.521349999999999909e+02 8.658633333333333439e+02 8.707136842105263668e+02 8.802079999999999700e+02 8.564076190476190504e+02 8.740009090909090901e+02 8.826008333333332985e+02 8.818807692307692605e+02 8.715464285714285779e+02 8.831166666666666742e+02 8.803281250000000000e+02 8.678770588235294099e+02 8.796533333333333076e+02 8.762100000000000364e+02 8.747229999999999563e+02
2.000000000000000000e+00 1.090000000000000036e+01 3.710999999999999943e+01 6.737599999999999909e+02 7.483366666666667015e+02 7.751024999999999636e+02 8.367799999999999727e+02 8.392916666666666288e+02 8.508999999999999773e+02 8.421812499999999773e+02 8.638477777777777646e+02 8.514663157894736969e+02 8.550370000000000346e+02 8.591809523809523625e+02 8.606627272727272384e+02 8.606391666666667106e+02 8.922892307692308123e+02 8.676107142857142662e+02 8.723653333333332967e+02 8.793787499999999682e+02 8.732464705882352973e+02 8.789422222222221990e+02 8.733126315789473892e+02 8.826340000000000146e+02
1.000000000000000000e+01 1.032000000000000028e+01 2.467999999999999972e+01 7.043300000000000409e+02 7.125666666666667197e+02 8.294724999999999682e+02 8.192880000000000109e+02 8.399650000000000318e+02 8.528685714285713857e+02 8.322362500000000409e+02 8.685022222222222581e+02 8.489568421052631493e+02 8.653170000000000073e+02 8.747742857142857247e+02 8.693127272727273294e+02 8.275125000000000455e+02 8.632638461538462025e+02 8.880135714285714812e+02 8.764413333333333185e+02 8.838681249999999636e+02 8.730299999999999727e+02 8.805944444444444343e+02 8.935810526315789275e+02 8.779004999999999654e+02
2.800000000000000000e+01 1.475999999999999979e+01 2.298000000000000043e+01 6.652200000000000273e+02 7.174933333333333394e+02 7.998099999999999454e+02 8.189600000000000364e+02 8.369733333333333576e+02 8.445957142857142799e+02 8.534900000000000091e+02 8.419500000000000455e+02 8.684589473684210361e+02 8.510869999999999891e+02 8.787419047619047205e+02 8.506918181818182347e+02 8.697483333333333348e+02 8.671423076923076678e+02 8.778907142857142389e+02 8.607686666666667179e+02 8.688087500000000318e+02 8.741311764705882297e+02 8.752527777777777374e+02 8.916157894736842309e+02 8.736520000000000437e+02
3.000000000000000000e+00 1.721999999999999886e+01 4.397099999999999795e+02 6.844199999999999591e+02 7.354066666666666379e+02 8.061074999999999591e+02 8.307720000000000482e+02 8.194966666666666697e+02 8.210214285714286007e+02 8.349687500000000000e+02 8.606577777777778238e+02 8.882378947368421223e+02 8.625729999999999791e+02 8.597114285714285415e+02 8.659327272727272202e+02 8.761208333333332803e+02 8.489992307692307349e+02 8.778250000000000455e+02 8.722253333333333103e+02 8.893837499999999636e+02 8.720305882352940898e+02 8.833766666666666652e+02 8.855326315789474165e+02 8.877675000000000409e+02
1.000000000000000000e+00 1.117999999999999972e+01 2.905999999999999872e+01 6.865549999999999500e+02 7.524800000000000182e+02 8.018650000000000091e+02 8.186979999999999791e+02 8.113049999999999500e+02 8.533628571428571377e+02 8.531200000000000045e+02 8.568400000000000318e+02 8.474600000000000364e+02 8.753060000000000400e+02 8.490380952380952522e+02 8.403490909090909327e+02 8.638783333333333303e+02 8.682423076923076906e+02 8.622935714285714539e+02 8.925926666666666733e+02 8.691862499999999727e+02 8.766770588235293644e+02 8.929938888888889323e+02 8.847942105263157373e+02 8.794059999999999491e+02
1.600000000000000000e+01 1.443999999999999950e+01 4.050799999999999841e+02 6.684099999999999682e+02 8.086799999999999500e+02 8.032374999999999545e+02 8.146480000000000246e+02 8.163966666666666470e+02 8.194757142857142753e+02 8.681037499999999909e+02 8.396677777777778147e+02 8.405305263157895297e+02 8.598700000000000045e+02 8.743180952380952249e+02 8.550900000000000318e+02 8.685674999999999955e+02 8.675623076923077406e+02 8.700442857142857065e+02 8.893093333333333703e+02 8.721656249999999773e+02 8.837464705882352973e+02 8.676188888888889323e+02 8.760068421052631038e+02 8.786190000000000282e+02
1.200000000000000000e+01 1.324000000000000021e+01 2.313799999999999955e+02 6.598300000000000409e+02 7.835099999999999909e+02 7.935299999999999727e+02 8.121879999999999882e+02 8.204116666666666333e+02 8.520485714285714494e+02 8.554500000000000455e+02 8.683755555555555929e+02 8.468715789473684481e+02 8.508579999999999472e+02 8.560371428571428396e+02 8.694690909090909372e+02 8.678666666666666742e+02 8.842500000000000000e+02 8.694085714285714630e+02 8.676960000000000264e+02 8.784843750000000000e+02 8.734129411764705537e+02 8.865327777777778238e+02 8.679557894736842627e+02 8.883105000000000473e+02
7.000000000000000000e+00 1.441999999999999993e+01 2.575000000000000000e+02 6.529249999999999545e+02 6.928099999999999454e+02 7.640149999999999864e+02 8.214180000000000064e+02 8.454366666666666106e+02 8.261085714285713948e+02 8.625137499999999591e+02 8.563899999999999864e+02 8.374557894736842627e+02 8.655130000000000337e+02 8.713590476190476011e+02 8.860563636363635851e+02 8.717716666666666470e+02 8.845184615384615654e+02 8.819292857142856974e+02 8.744186666666666952e+02 8.720037499999999682e+02 8.874435294117647572e+02 8.741433333333333167e+02 8.770889473684210316e+02 8.819584999999999582e+02
5.000000000000000000e+00 1.324000000000000021e+01 2.599700000000000273e+02 6.881799999999999500e+02 7.804166666666666288e+02 8.092749999999999773e+02 8.284700000000000273e+02 8.389983333333333348e+02 8.698671428571428805e+02 8.327762500000000045e+02 8.620155555555555793e+02 8.533410526315789184e+02 8.487740000000000009e+02 8.649504761904761381e+02 8.627100000000000364e+02 8.668083333333332803e+02 8.780138461538462025e+02 8.697907142857143299e+02 8.815906666666667206e+02 8.819362499999999727e+02 8.751747058823528960e+02 8.749550000000000409e+02 8.884015789473684208e+02 8.915095000000000027e+02
1.000000000000000000e+00 1.130000000000000071e+01 2.962300000000000182e+02 6.875850000000000364e+02 7.727366666666666788e+02 8.194600000000000364e+02 8.203899999999999864e+02 8.080133333333333212e+02 8.201299999999999955e+02 8.388612500000000409e+02 8.628577777777777555e+02 8.608873684210526562e+02 8.577500000000000000e+02 8.619142857142857110e+02 8.548881818181818062e+02 8.676791666666666742e+02 8.887715384615385119e+02 8.736757142857143208e+02 8.766486666666667134e+02 8.785475000000000136e+02 8.838317647058823923e+02 8.727716666666666470e+02 8.863436842105263622e+02 8.846544999999999845e+02
6.000000000000000000e+00 1.285999999999999943e+01 2.616000000000000014e+01 5.302200000000000273e+02 7.599066666666666379e+02 8.246425000000000409e+02 8.108379999999999654e+02 8.077699999999999818e+02 8.695942857142856610e+02 8.449037499999999454e+02 8.504622222222221808e+02 8.589715789473684708e+02 8.608039999999999736e+02 8.652552380952380418e+02 8.580754545454545905e+02 8.650416666666666288e+02 8.738707692307692696e+02 8.791714285714285779e+02 8.782573333333333494e+02 8.814231250000000273e+02 8.684852941176470722e+02 8.805349999999999682e+02 8.729889473684210088e+02 8.726615000000000464e+02
7.000000000000000000e+00 1.177999999999999936e+01 3.124399999999999977e+02 6.772300000000000182e+02 7.711733333333332894e+02 8.084025000000000318e+02 8.107259999999999991e+02 8.249950000000000045e+02 8.263257142857142981e+02 8.589149999999999636e+02 8.634666666666666970e+02 8.526200000000000045e+02 8.808559999999999945e+02 8.716295238095237892e+02 8.690454545454545041e+02 8.588141666666666652e+02 8.598338461538461388e+02 8.919821428571428896e+02 8.762019999999999982e+02 8.690874999999999773e+02 8.678211764705882842e+02 8.746638888888888914e+02 8.769184210526316292e+02 8.818609999999999900e+02
7.000000000000000000e+00 1.311999999999999922e+01 4.273799999999999955e+02 6.589249999999999545e+02 6.959633333333333667e+02 7.954424999999999955e+02 8.185579999999999927e+02 8.344116666666666333e+02 8.234442857142856838e+02 8.519924999999999500e+02 8.369577777777777783e+02 8.550578947368420586e+02 8.669800000000000182e+02 8.497952380952381191e+02 8.430718181818182302e+02 8.527400000000000091e+02 8.708807692307692605e+02 8.689014285714285961e+02 8.685913333333332957e+02 8.775343749999999545e+02 8.686135294117647163e+02 8.856100000000000136e+02 8.733099999999999454e+02 8.683970000000000482e+02
