3.000000000000000000e+00 2.160000000000000142e+00 2.819999999999999840e+00 3.500000000000000000e+00 4.226666666666666572e+00 5.735000000000000320e+00 2.682440000000000282e+02 4.119966666666666697e+02 5.202685714285714766e+02 5.310299999999999727e+02 5.010677777777777919e+02 5.104126315789473551e+02 5.531219999999999573e+02 5.411980952380952203e+02 5.634545454545454959e+02 5.523941666666667061e+02 5.657707692307692469e+02 5.832814285714285916e+02 5.751173333333333630e+02 5.662606250000000045e+02 5.858970588235293917e+02 5.718655555555556020e+02 5.839878947368421223e+02 6.724315000000000282e+02
1.000000000000000000e+00 2.899999999999999911e+00 2.740000000000000213e+00 3.325000000000000178e+00 4.636666666666666714e+00 6.877500000000000391e+00 2.257079999999999984e+02 4.265849999999999795e+02 4.459085714285714062e+02 5.120412499999999909e+02 5.076588888888888960e+02 5.391389473684210998e+02 5.345339999999999918e+02 5.381799999999999500e+02 5.477054545454545860e+02 5.360233333333333121e+02 6.013253846153845643e+02 5.627171428571429033e+02 5.708473333333333812e+02 5.747143750000000182e+02 5.622170588235294417e+02 5.636977777777777874e+02 6.353331578947368143e+02 6.899595000000000482e+02
1.000000000000000000e+00 2.839999999999999858e+00 3.029999999999999805e+00 4.000000000000000000e+00 4.513333333333333641e+00 8.362500000000000711e+00 3.245040000000000191e+02 4.294883333333333439e+02 4.520699999999999932e+02 4.998000000000000114e+02 4.950933333333333053e+02 5.219421052631579414e+02 5.509120000000000346e+02 5.463114285714285643e+02 5.451572727272726979e+02 5.370558333333333394e+02 5.442869230769231308e+02 5.661528571428571013e+02 5.605099999999999909e+02 5.658956249999999955e+02 5.751570588235293826e+02 5.504877777777777510e+02 5.795994736842105794e+02 6.782559999999999718e+02
1.000000000000000000e+00 2.580000000000000071e+00 3.330000000000000071e+00 3.734999999999999876e+00 4.683333333333333570e+00 6.727500000000000036e+00 3.637520000000000095e+02 4.163833333333333258e+02 4.542971428571428305e+02 5.028475000000000250e+02 5.293444444444444343e+02 5.135484210526316247e+02 5.632469999999999573e+02 5.579552380952380872e+02 5.469227272727272293e+02 5.722641666666667106e+02 5.446130769230769602e+02 5.684800000000000182e+02 5.607566666666666606e+02 5.544593750000000227e+02 5.651864705882352382e+02 5.872033333333333758e+02 5.754547368421052624e+02 6.800280000000000200e+02
3.000000000000000000e+00 2.140000000000000124e+00 3.000000000000000000e+00 3.240000000000000213e+00 4.503333333333332966e+00 5.922500000000000320e+00 3.869359999999999786e+02 4.282616666666666561e+02 4.843414285714285938e+02 5.386749999999999545e+02 4.885644444444444616e+02 5.451905263157894979e+02 5.307730000000000246e+02 5.408523809523809405e+02 5.513918181818181665e+02 5.647599999999999909e+02 5.547838461538461843e+02 5.794249999999999545e+02 5.586053333333333057e+02 5.646068749999999454e+02 5.664658823529412075e+02 5.666755555555555475e+02 6.717610526315789912e+02 6.811855000000000473e+02
6.000000000000000000e+00 2.359999999999999876e+00 2.830000000000000071e+00 4.065000000000000391e+00 4.523333333333333428e+00 9.339999999999999858e+00 3.055319999999999823e+02 4.390066666666666606e+02 4.967071428571428555e+02 5.221487499999999500e+02 5.320322222222222308e+02 5.233863157894736560e+02 5.336889999999999645e+02 5.398133333333333894e+02 5.454118181818181483e+02 5.586566666666666379e+02 5.606946153846154175e+02 5.786185714285713857e+02 5.599726666666666688e+02 5.721862499999999727e+02 5.746347058823529323e+02 5.920177777777777237e+02 5.691447368421053170e+02 6.684719999999999800e+02
1.000000000000000000e+00 2.899999999999999911e+00 2.689999999999999947e+00 3.584999999999999964e+00 4.410000000000000142e+00 7.110000000000000320e+00 3.512200000000000273e+02 4.689033333333333076e+02 4.856042857142857088e+02 4.871462500000000091e+02 5.288011111111111404e+02 5.168652631578947876e+02 5.313250000000000455e+02 5.264409523809523535e+02 5.222963636363635942e+02 5.761433333333333167e+02 5.440030769230769465e+02 5.630178571428571104e+02 5.759306666666666388e+02 5.523756250000000136e+02 5.861788235294117158e+02 5.839205555555555520e+02 5.739842105263157919e+02 6.803579999999999472e+02
1.000000000000000000e+00 2.620000000000000107e+00 2.490000000000000213e+00 3.870000000000000107e+00 3.910000000000000142e+00 5.397499999999999964e+00 3.353700000000000045e+02 3.774883333333333439e+02 5.197628571428571149e+02 4.948562499999999886e+02 5.228955555555555748e+02 5.429063157894736378e+02 5.278830000000000382e+02 5.571961904761905089e+02 5.641372727272727161e+02 5.486491666666667015e+02 5.577930769230769101e+02 5.395021428571428714e+02 5.507373333333333676e+02 5.934256249999999682e+02 5.884270588235293644e+02 5.702861111111111541e+02 5.694552631578947057e+02 6.868819999999999482e+02
1.000000000000000000e+00 2.680000000000000160e+00 2.520000000000000018e+00 3.339999999999999858e+00 3.976666666666666572e+00 5.052500000000000213e+00 3.437280000000000086e+02 4.178483333333333576e+02 4.533657142857142617e+02 4.728537499999999909e+02 5.387933333333332939e+02 5.153442105263158055e+02 5.422110000000000127e+02 5.297952380952381191e+02 5.464027272727272475e+02 5.354141666666666879e+02 5.695499999999999545e+02 5.702535714285713766e+02 5.739793333333333294e+02 5.719787499999999909e+02 5.865782352941176896e+02 5.802816666666666379e+02 5.869605263157894797e+02 6.794065000000000509e+02
1.000000000000000000e+00 2.359999999999999876e+00 2.870000000000000107e+00 3.365000000000000213e+00 4.120000000000000107e+00 9.144999999999999574e+00 3.755899999999999750e+02 3.683266666666666538e+02 4.957357142857142662e+02 5.252087500000000091e+02 5.321599999999999682e+02 5.457115789473683662e+02 5.487319999999999709e+02 5.365047619047619492e+02 5.617945454545454140e+02 5.575683333333333849e+02 5.603569230769230671e+02 5.487050000000000409e+02 5.538479999999999563e+02 5.643393750000000182e+02 5.831447058823529233e+02 5.687511111111110722e+02 5.915989473684210225e+02 6.805009999999999764e+02
1.000000000000000000e+00 2.339999999999999858e+00 2.950000000000000178e+00 3.214999999999999858e+00 4.290000000000000036e+00 5.620000000000000107e+00 3.443279999999999745e+02 3.785366666666666902e+02 4.555428571428571445e+02 4.908899999999999864e+02 5.480066666666666606e+02 5.269263157894737333e+02 5.542580000000000382e+02 5.606209523809524171e+02 5.599527272727273157e+02 5.301566666666666379e+02 5.455746153846154129e+02 5.530821428571429124e+02 5.746380000000000337e+02 5.722200000000000273e+02 5.768264705882353383e+02 5.785061111111110677e+02 5.791668421052631857e+02 6.800480000000000018e+02
1.000000000000000000e+00 2.379999999999999893e+00 3.029999999999999805e+00 3.500000000000000000e+00 3.959999999999999964e+00 7.610000000000000320e+00 3.659320000000000164e+02 3.951750000000000114e+02 4.931742857142857019e+02 5.099837499999999864e+02 5.238066666666666151e+02 5.293684210526315610e+02 5.446509999999999536e+02 5.175038095238095366e+02 5.541136363636363740e+02 5.682641666666667106e+02 5.712138461538461343e+02 5.633350000000000364e+02 5.410893333333333430e+02 5.542781250000000455e+02 5.530882352941176805e+02 5.715172222222222445e+02 6.369547368421052624e+02 5.930475000000000136e+02
3.000000000000000000e+00 2.759999999999999787e+00 2.799999999999999822e+00 3.939999999999999947e+00 4.856666666666666465e+00 6.754999999999999893e+00 2.489339999999999975e+02 4.368633333333333439e+02 5.136742857142857019e+02 4.911162499999999795e+02 5.128977777777778329e+02 5.385084210526315474e+02 5.111560000000000059e+02 5.617476190476190823e+02 5.459472727272727752e+02 5.477416666666666742e+02 5.490184615384615654e+02 5.664650000000000318e+02 5.710019999999999527e+02 5.935106250000000045e+02 5.674011764705882115e+02 5.820166666666666515e+02 6.434115789473684117e+02 6.896014999999999873e+02
2.000000000000000000e+00 2.839999999999999858e+00 2.709999999999999964e+00 3.564999999999999947e+00 4.046666666666666856e+00 5.879999999999999893e+00 3.217019999999999982e+02 4.347116666666666447e+02 4.756257142857143094e+02 4.962624999999999886e+02 4.909155555555555566e+02 5.509578947368421495e+02 5.573920000000000528e+02 5.628780952380952840e+02 5.240109090909090810e+02 5.421316666666666606e+02 5.584369230769231081e+02 5.726471428571428532e+02 5.578519999999999754e+02 6.092737499999999500e+02 5.916958823529412257e+02 5.785377777777778192e+02 5.741989473684210452e+02 6.932904999999999518e+02
1.000000000000000000e+00 2.720000000000000195e+00 2.569999999999999840e+00 3.419999999999999929e+00 3.896666666666666501e+00 9.097500000000000142e+00 2.236299999999999955e+02 4.201383333333333212e+02 4.763500000000000227e+02 5.208587499999999864e+02 5.096022222222222240e+02 5.497010526315789321e+02 5.517999999999999545e+02 5.399219047619047842e+02 5.413245454545455004e+02 5.677200000000000273e+02 5.637292307692307531e+02 5.691871428571428169e+02 5.692853333333333694e+02 5.888781249999999545e+02 5.788923529411764548e+02 5.879244444444444753e+02 5.911389473684210998e+02 6.701055000000000064e+02
1.000000000000000000e+00 2.419999999999999929e+00 3.220000000000000195e+00 3.115000000000000213e+00 4.330000000000000071e+00 5.907499999999999751e+00 3.771240000000000236e+02 4.301549999999999727e+02 4.818642857142856997e+02 4.755012500000000273e+02 5.186377777777777283e+02 5.210810526315789275e+02 5.353079999999999927e+02 5.076828571428571308e+02 5.709909090909090992e+02 5.651816666666666151e+02 5.633653846153846416e+02 5.672849999999999682e+02 5.456259999999999764e+02 5.669075000000000273e+02 5.841358823529411666e+02 5.922694444444443889e+02 5.770126315789473210e+02 6.938700000000000045e+02
9.000000000000000000e+00 2.620000000000000107e+00 2.470000000000000195e+00 3.709999999999999964e+00 4.099999999999999645e+00 5.472500000000000142e+00 2.863820000000000050e+02 4.246216666666666697e+02 4.768057142857142594e+02 5.018550000000000182e+02 5.214366666666666106e+02 5.359315789473683935e+02 5.362780000000000200e+02 5.410914285714285370e+02 5.397454545454545496e+02 5.529166666666666288e+02 5.622207692307691786e+02 5.805578571428571877e+02 5.729233333333332894e+02 5.675881249999999909e+02 5.688552941176470767e+02 5.986477777777778329e+02 6.012731578947368689e+02 6.892899999999999636e+02
1.000000000000000000e+00 2.339999999999999858e+00 2.899999999999999911e+00 3.879999999999999893e+00 3.486666666666666803e+00 8.140000000000000568e+00 2.885539999999999736e+02 4.011366666666666561e+02 4.733457142857142799e+02 4.996187499999999773e+02 5.039711111111110995e+02 5.082978947368421245e+02 5.191549999999999727e+02 5.399580952380952112e+02 5.408881818181818062e+02 5.885049999999999955e+02 5.628700000000000045e+02 5.749835714285713948e+02 5.516546666666666852e+02 5.515806250000000546e+02 5.843152941176471131e+02 5.749922222222222672e+02 5.804363157894737242e+02 6.897224999999999682e+02
1.000000000000000000e+00 2.640000000000000124e+00 2.890000000000000124e+00 3.294999999999999929e+00 4.240000000000000213e+00 6.987499999999999822e+00 3.048539999999999850e+02 4.526683333333333508e+02 4.703314285714285461e+02 4.918262500000000159e+02 5.288422222222221762e+02 5.421368421052632129e+02 5.327749999999999773e+02 5.436095238095238074e+02 5.654136363636363285e+02 5.381833333333332803e+02 5.743007692307692196e+02 5.650378571428570922e+02 5.701086666666666360e+02 5.724275000000000091e+02 5.781511764705882115e+02 5.672683333333333167e+02 6.258863157894736560e+02 6.871844999999999573e+02
3.000000000000000000e+00 2.740000000000000213e+00 3.040000000000000036e+00 3.685000000000000053e+00 4.693333333333333357e+00 6.502500000000000391e+00 3.594920000000000186e+02 4.348383333333333098e+02 4.739342857142856928e+02 5.055137500000000159e+02 5.235466666666666242e+02 5.200947368421052488e+02 5.282060000000000173e+02 5.413171428571428123e+02 5.589054545454545178e+02 5.644166666666666288e+02 5.484907692307692741e+02 5.711485714285714721e+02 5.724466666666667152e+02 5.619956250000000182e+02 5.764782352941176669e+02 5.800105555555555839e+02 6.366721052631578459e+02 6.906055000000000064e+02
1.000000000000000000e+00 2.439999999999999947e+00 2.870000000000000107e+00 3.220000000000000195e+00 3.946666666666666767e+00 7.222500000000000142e+00 3.258340000000000032e+02 4.374016666666666424e+02 4.515228571428571627e+02 5.050162500000000136e+02 5.269755555555555020e+02 5.264694736842104703e+02 5.284840000000000373e+02 5.312495238095237937e+02 5.564081818181817880e+02 5.610966666666666924e+02 5.473638461538461115e+02 5.806649999999999636e+02 5.698046666666666624e+02 5.673849999999999909e+02 5.766558823529411484e+02 5.693600000000000136e+02 6.473778947368421086e+02 6.808450000000000273e+02
2.000000000000000000e+00 2.399999999999999911e+00 3.439999999999999947e+00 2.875000000000000000e+00 4.120000000000000107e+00 5.487499999999999822e+00 2.698100000000000023e+02 3.998199999999999932e+02 4.595685714285714312e+02 5.040862500000000068e+02 5.549044444444444935e+02 5.200136842105263213e+02 5.340800000000000409e+02 5.445647619047618946e+02 5.382581818181818107e+02 5.502400000000000091e+02 5.422492307692307349e+02 5.592192857142856610e+02 5.669926666666666506e+02 5.626918749999999818e+02 5.661476470588235088e+02 5.812572222222222535e+02 5.862389473684210088e+02 6.960850000000000364e+02
1.000000000000000000e+00 2.120000000000000107e+00 3.109999999999999876e+00 3.580000000000000071e+00 4.106666666666666465e+00 8.220000000000000639e+00 3.124060000000000059e+02 4.542383333333333439e+02 4.876885714285714357e+02 4.968612499999999841e+02 5.470222222222222399e+02 5.227736842105263122e+02 5.311820000000000164e+02 5.261266666666666652e+02 5.467809090909090628e+02 5.735199999999999818e+02 5.739123076923076496e+02 5.524007142857142298e+02 5.679039999999999964e+02 5.645668749999999818e+02 5.738576470588235452e+02 5.892894444444444844e+02 5.843447368421052488e+02 5.949600000000000364e+02
1.000000000000000000e+00 2.500000000000000000e+00 2.509999999999999787e+00 3.000000000000000000e+00 4.099999999999999645e+00 6.097500000000000142e+00 2.377599999999999909e+02 4.235416666666666856e+02 4.713657142857142617e+02 5.056725000000000136e+02 5.291544444444444935e+02 5.237052631578947057e+02 5.364020000000000437e+02 5.374990476190475874e+02 5.341299999999999955e+02 5.346391666666667106e+02 5.505315384615385028e+02 5.724028571428571013e+02 5.779846666666666124e+02 5.730874999999999773e+02 5.778276470588235725e+02 5.686233333333333348e+02 5.871584210526315246e+02 6.640560000000000400e+02
1.000000000000000000e+00 2.160000000000000142e+00 2.870000000000000107e+00 3.439999999999999947e+00 5.223333333333333606e+00 5.747499999999999609e+00 3.427180000000000177e+02 4.473083333333333371e+02 5.147500000000000000e+02 5.052212499999999977e+02 5.164755555555555020e+02 5.058189473684210498e+02 5.217200000000000273e+02 5.469428571428571786e+02 5.137799999999999727e+02 5.375133333333333212e+02 5.558069230769231126e+02 5.653014285714285734e+02 5.574446666666666488e+02 5.534287500000000364e+02 5.648970588235293917e+02 5.901672222222222217e+02 5.848426315789473620e+02 6.700249999999999773e+02
