1.000000000000000000e+00 1.020000000000000018e+00 1.020000000000000018e+00 1.129999999999999893e+00 1.186666666666666758e+00 1.245000000000000107e+00 1.308000000000000052e+00 1.489999999999999991e+00 1.768571428571428461e+00 2.008750000000000036e+00 2.646666666666666501e+00 3.063157894736842302e+00 1.270909999999999940e+02 2.860904761904761813e+02 3.706136363636363740e+02 4.444925000000000068e+02 5.308015384615384846e+02 5.782142857142856656e+02 6.208440000000000509e+02 6.524750000000000227e+02 6.683099999999999454e+02 6.968216666666667152e+02 7.123936842105263167e+02 7.289779999999999518e+02
1.000000000000000000e+00 1.040000000000000036e+00 1.080000000000000071e+00 1.100000000000000089e+00 1.226666666666666572e+00 1.254999999999999893e+00 1.328000000000000069e+00 1.553333333333333233e+00 1.624285714285714333e+00 2.053749999999999964e+00 2.428888888888888875e+00 2.933684210526315894e+00 1.162360000000000042e+02 3.062866666666666902e+02 3.650463636363636510e+02 4.540316666666666947e+02 5.286723076923076405e+02 5.931235714285713811e+02 6.163726666666666461e+02 6.376337499999999636e+02 6.780658823529412302e+02 6.873855555555555839e+02 7.110152631578947648e+02 7.317074999999999818e+02
1.000000000000000000e+00 1.000000000000000000e+00 1.050000000000000044e+00 1.125000000000000000e+00 1.179999999999999938e+00 1.262499999999999956e+00 1.368000000000000105e+00 1.534999999999999920e+00 1.641428571428571459e+00 2.027499999999999858e+00 2.596666666666666679e+00 3.232631578947368300e+00 1.537669999999999959e+02 2.836609523809523807e+02 3.629381818181818176e+02 4.557624999999999886e+02 5.403238461538461479e+02 5.746871428571428169e+02 6.217500000000000000e+02 6.479862500000000409e+02 6.673611764705882479e+02 7.011333333333333258e+02 6.996878947368420540e+02 7.294189999999999827e+02
1.000000000000000000e+00 1.000000000000000000e+00 1.050000000000000044e+00 1.149999999999999911e+00 1.219999999999999973e+00 1.304999999999999938e+00 1.387999999999999901e+00 1.523333333333333428e+00 1.711428571428571521e+00 1.969999999999999973e+00 2.564444444444444304e+00 3.203157894736841982e+00 1.181470000000000056e+02 2.962876190476190459e+02 3.678236363636363535e+02 4.506725000000000136e+02 5.217715384615385119e+02 5.793307142857142935e+02 6.102726666666666233e+02 6.367962499999999864e+02 6.785123529411764594e+02 6.941772222222222126e+02 7.123978947368420904e+02 7.205594999999999573e+02
1.000000000000000000e+00 1.000000000000000000e+00 1.050000000000000044e+00 1.169999999999999929e+00 1.169999999999999929e+00 1.317499999999999893e+00 1.366000000000000103e+00 1.485000000000000098e+00 1.717142857142857082e+00 2.176250000000000018e+00 2.569999999999999840e+00 3.118947368421052690e+00 1.163820000000000050e+02 3.141695238095238096e+02 3.767345454545454686e+02 4.461516666666666424e+02 5.263384615384615017e+02 5.855950000000000273e+02 6.075226666666666233e+02 6.499275000000000091e+02 6.815264705882352700e+02 6.899027777777778283e+02 7.149163157894736287e+02 7.324439999999999600e+02
1.000000000000000000e+00 1.060000000000000053e+00 1.060000000000000053e+00 1.155000000000000027e+00 1.186666666666666758e+00 1.254999999999999893e+00 1.425999999999999934e+00 1.561666666666666758e+00 1.731428571428571539e+00 2.108750000000000124e+00 2.532222222222222374e+00 3.123157894736841911e+00 1.191740000000000066e+02 3.040142857142857338e+02 3.728354545454545246e+02 4.462266666666666879e+02 5.251599999999999682e+02 5.747114285714285415e+02 6.259526666666666870e+02 6.504868750000000546e+02 6.736047058823529596e+02 7.020138888888889142e+02 7.118436842105263622e+02 7.332899999999999636e+02
1.000000000000000000e+00 1.040000000000000036e+00 1.050000000000000044e+00 1.064999999999999947e+00 1.169999999999999929e+00 1.314999999999999947e+00 1.391999999999999904e+00 1.655000000000000027e+00 1.777142857142857135e+00 2.102500000000000036e+00 2.517777777777777892e+00 3.018947368421052602e+00 1.190370000000000061e+02 2.970047619047618923e+02 3.686245454545454550e+02 4.715683333333333280e+02 5.076146153846153766e+02 5.696814285714285688e+02 6.075533333333332848e+02 6.424049999999999727e+02 6.835611764705881797e+02 6.857261111111110949e+02 7.115836842105263713e+02 7.365800000000000409e+02
1.000000000000000000e+00 1.040000000000000036e+00 1.030000000000000027e+00 1.125000000000000000e+00 1.153333333333333321e+00 1.307500000000000107e+00 1.399999999999999911e+00 1.523333333333333428e+00 1.688571428571428612e+00 2.042499999999999982e+00 2.558888888888888768e+00 3.234736842105263133e+00 1.317090000000000032e+02 2.917980952380952431e+02 3.587345454545454686e+02 4.438391666666666424e+02 5.145515384615384846e+02 5.928521428571428942e+02 6.067993333333333794e+02 6.457549999999999955e+02 6.729682352941176759e+02 6.958849999999999909e+02 7.066721052631578459e+02 7.288239999999999554e+02
1.000000000000000000e+00 1.040000000000000036e+00 1.100000000000000089e+00 1.074999999999999956e+00 1.199999999999999956e+00 1.219999999999999973e+00 1.401999999999999913e+00 1.526666666666666616e+00 1.677142857142857046e+00 2.075000000000000178e+00 2.384444444444444589e+00 3.122105263157894939e+00 1.458009999999999877e+02 3.107142857142857224e+02 3.646827272727272771e+02 4.582875000000000227e+02 5.269400000000000546e+02 5.734357142857143117e+02 6.153999999999999773e+02 6.460874999999999773e+02 6.532476470588235316e+02 6.875494444444444753e+02 7.092200000000000273e+02 7.257619999999999436e+02
1.000000000000000000e+00 1.000000000000000000e+00 1.030000000000000027e+00 1.070000000000000062e+00 1.233333333333333393e+00 1.297500000000000098e+00 1.393999999999999906e+00 1.501666666666666705e+00 1.824285714285714288e+00 2.027499999999999858e+00 2.554444444444444517e+00 3.200000000000000178e+00 9.891700000000000159e+01 2.916885714285714357e+02 3.712045454545454390e+02 4.608291666666666515e+02 5.303923076923076678e+02 5.795714285714285552e+02 6.130099999999999909e+02 6.505943750000000136e+02 6.749758823529411984e+02 6.947072222222221853e+02 7.120889473684210316e+02 7.260354999999999563e+02
1.000000000000000000e+00 1.020000000000000018e+00 1.070000000000000062e+00 1.080000000000000071e+00 1.209999999999999964e+00 1.242499999999999938e+00 1.405999999999999917e+00 1.435000000000000053e+00 1.717142857142857082e+00 2.081249999999999822e+00 2.618888888888888822e+00 3.056842105263157805e+00 1.389850000000000136e+02 3.202666666666666515e+02 3.606427272727272566e+02 4.582316666666666833e+02 5.333292307692307759e+02 5.785764285714285506e+02 6.093153333333333421e+02 6.460806250000000546e+02 6.734294117647058329e+02 6.893750000000000000e+02 7.037442105263157828e+02 7.313890000000000100e+02
1.000000000000000000e+00 1.020000000000000018e+00 1.060000000000000053e+00 1.120000000000000107e+00 1.196666666666666767e+00 1.252499999999999947e+00 1.352000000000000091e+00 1.573333333333333250e+00 1.732857142857142874e+00 1.981249999999999956e+00 2.535555555555555340e+00 3.106315789473684141e+00 1.054560000000000031e+02 3.006504761904761835e+02 3.621109090909091037e+02 4.498141666666666652e+02 5.362692307692307168e+02 5.756542857142857201e+02 6.188799999999999955e+02 6.579624999999999773e+02 6.765494117647058374e+02 6.867427777777777465e+02 7.108347368421052579e+02 7.219115000000000464e+02
1.000000000000000000e+00 1.020000000000000018e+00 1.080000000000000071e+00 1.100000000000000089e+00 1.179999999999999938e+00 1.302499999999999991e+00 1.370000000000000107e+00 1.528333333333333321e+00 1.794285714285714262e+00 1.907499999999999973e+00 2.423333333333333339e+00 3.135789473684210460e+00 1.378930000000000007e+02 3.265799999999999841e+02 3.510554545454545519e+02 4.481075000000000159e+02 5.387453846153846371e+02 5.804850000000000136e+02 6.210346666666666806e+02 6.452143750000000182e+02 6.618276470588235725e+02 6.960705555555555293e+02 7.111589473684210816e+02 7.361670000000000300e+02
1.000000000000000000e+00 1.040000000000000036e+00 1.040000000000000036e+00 1.120000000000000107e+00 1.216666666666666563e+00 1.272499999999999964e+00 1.405999999999999917e+00 1.571666666666666767e+00 1.741428571428571326e+00 2.000000000000000000e+00 2.516666666666666607e+00 3.435789473684210726e+00 1.280120000000000005e+02 2.988980952380952658e+02 3.680690909090909031e+02 4.653299999999999841e+02 5.238799999999999955e+02 5.737842857142857156e+02 6.182459999999999809e+02 6.457100000000000364e+02 6.724335294117646527e+02 6.889744444444444298e+02 7.137636842105263213e+02 7.247285000000000537e+02
1.000000000000000000e+00 1.000000000000000000e+00 1.060000000000000053e+00 1.110000000000000098e+00 1.206666666666666776e+00 1.297500000000000098e+00 1.348000000000000087e+00 1.458333333333333259e+00 1.664285714285714368e+00 2.066250000000000142e+00 2.549999999999999822e+00 3.156842105263157894e+00 1.363559999999999945e+02 2.862133333333333098e+02 3.738745454545454550e+02 4.534041666666666401e+02 5.243846153846153584e+02 5.804757142857142753e+02 6.167179999999999609e+02 6.475268750000000182e+02 6.646129411764705992e+02 6.921955555555555293e+02 7.040015789473684436e+02 7.211670000000000300e+02
1.000000000000000000e+00 1.000000000000000000e+00 1.050000000000000044e+00 1.100000000000000089e+00 1.166666666666666741e+00 1.182500000000000107e+00 1.377999999999999892e+00 1.459999999999999964e+00 1.724285714285714199e+00 2.058749999999999858e+00 2.621111111111110947e+00 3.217894736842105363e+00 1.090079999999999956e+02 3.119904761904762154e+02 3.748681818181818244e+02 4.467124999999999773e+02 5.217246153846153902e+02 5.818035714285714448e+02 6.133200000000000500e+02 6.343656250000000227e+02 6.710394117647058465e+02 6.903488888888888368e+02 7.182610526315789912e+02 7.235285000000000082e+02
1.000000000000000000e+00 1.000000000000000000e+00 1.030000000000000027e+00 1.145000000000000018e+00 1.176666666666666750e+00 1.287500000000000089e+00 1.397999999999999909e+00 1.553333333333333233e+00 1.721428571428571530e+00 2.042499999999999982e+00 2.586666666666666448e+00 3.213684210526315699e+00 1.213149999999999977e+02 3.110361904761904839e+02 3.667145454545454299e+02 4.291175000000000068e+02 5.431846153846154266e+02 5.713571428571428896e+02 6.247186666666666497e+02 6.411481250000000500e+02 6.747305882352941353e+02 6.865933333333333621e+02 7.138568421052631265e+02 7.291045000000000300e+02
1.000000000000000000e+00 1.020000000000000018e+00 1.040000000000000036e+00 1.120000000000000107e+00 1.219999999999999973e+00 1.274999999999999911e+00 1.370000000000000107e+00 1.593333333333333268e+00 1.649999999999999911e+00 2.049999999999999822e+00 2.447777777777777608e+00 3.225263157894736832e+00 1.291990000000000123e+02 3.076923809523809723e+02 3.621572727272727548e+02 4.521091666666666811e+02 5.112292307692307531e+02 5.864557142857142935e+02 6.245506666666666433e+02 6.394931249999999636e+02 6.628152941176471131e+02 6.865688888888888641e+02 7.111647368421052988e+02 7.311725000000000136e+02
1.000000000000000000e+00 1.020000000000000018e+00 1.050000000000000044e+00 1.145000000000000018e+00 1.219999999999999973e+00 1.322500000000000009e+00 1.407999999999999918e+00 1.534999999999999920e+00 1.718571428571428639e+00 1.942499999999999893e+00 2.415555555555555678e+00 3.319999999999999840e+00 1.157000000000000028e+02 3.144409523809523535e+02 3.748909090909090764e+02 4.457058333333333167e+02 5.229553846153845598e+02 5.639750000000000227e+02 6.212119999999999891e+02 6.541950000000000500e+02 6.725935294117647345e+02 6.894500000000000455e+02 7.124673684210525835e+02 7.257340000000000373e+02
1.000000000000000000e+00 1.080000000000000071e+00 1.040000000000000036e+00 1.100000000000000089e+00 1.216666666666666563e+00 1.245000000000000107e+00 1.348000000000000087e+00 1.588333333333333375e+00 1.714285714285714191e+00 2.120000000000000107e+00 2.384444444444444589e+00 3.021052631578947434e+00 1.191760000000000019e+02 3.143295238095238346e+02 3.656636363636363853e+02 4.447766666666666424e+02 5.321976923076923640e+02 5.711000000000000227e+02 6.215706666666666251e+02 6.369650000000000318e+02 6.665164705882352791e+02 6.932183333333333621e+02 7.092378947368421223e+02 7.206354999999999791e+02
1.000000000000000000e+00 1.020000000000000018e+00 1.050000000000000044e+00 1.135000000000000009e+00 1.186666666666666758e+00 1.260000000000000009e+00 1.374000000000000110e+00 1.476666666666666572e+00 1.704285714285714182e+00 2.067499999999999893e+00 2.457777777777777839e+00 3.095789473684210424e+00 1.383420000000000130e+02 3.058457142857142799e+02 3.845645454545454527e+02 4.564300000000000068e+02 5.130192307692307168e+02 5.843185714285714312e+02 6.235066666666666606e+02 6.476462500000000091e+02 6.803517647058823741e+02 6.844355555555555384e+02 7.127173684210525835e+02 7.398809999999999718e+02
1.000000000000000000e+00 1.040000000000000036e+00 1.010000000000000009e+00 1.145000000000000018e+00 1.146666666666666723e+00 1.267500000000000071e+00 1.389999999999999902e+00 1.560000000000000053e+00 1.654285714285714359e+00 2.040000000000000036e+00 2.522222222222222143e+00 3.165263157894736779e+00 1.271670000000000016e+02 2.923600000000000136e+02 3.729154545454545655e+02 4.352875000000000227e+02 5.363730769230769511e+02 5.806835714285714403e+02 6.075433333333332939e+02 6.439768749999999500e+02 6.716882352941177032e+02 6.893511111111110949e+02 7.114500000000000455e+02 7.163964999999999463e+02
1.000000000000000000e+00 1.020000000000000018e+00 1.080000000000000071e+00 1.100000000000000089e+00 1.176666666666666750e+00 1.337499999999999911e+00 1.423999999999999932e+00 1.543333333333333224e+00 1.821428571428571397e+00 2.082500000000000018e+00 2.700000000000000178e+00 3.161052631578947558e+00 1.377700000000000102e+02 3.093066666666666720e+02 3.615363636363636601e+02 4.560183333333333167e+02 5.205769230769230944e+02 5.682664285714286052e+02 6.181079999999999472e+02 6.384874999999999545e+02 6.696382352941176350e+02 6.834677777777777692e+02 7.147936842105262940e+02 7.290140000000000100e+02
1.000000000000000000e+00 1.020000000000000018e+00 1.060000000000000053e+00 1.169999999999999929e+00 1.236666666666666581e+00 1.254999999999999893e+00 1.377999999999999892e+00 1.506666666666666599e+00 1.687142857142857055e+00 2.058749999999999858e+00 2.486666666666666803e+00 3.126315789473684159e+00 1.168319999999999936e+02 2.901704761904761654e+02 3.630454545454545610e+02 4.556408333333333189e+02 5.283576923076923322e+02 5.762649999999999864e+02 6.091746666666666670e+02 6.403137500000000273e+02 6.742194117647059102e+02 6.925366666666666333e+02 7.135473684210526244e+02 7.198269999999999982e+02
1.000000000000000000e+00 1.020000000000000018e+00 1.080000000000000071e+00 1.155000000000000027e+00 1.223333333333333384e+00 1.239999999999999991e+00 1.370000000000000107e+00 1.485000000000000098e+00 1.731428571428571539e+00 2.072499999999999787e+00 2.520000000000000018e+00 3.242105263157894601e+00 1.257500000000000000e+02 2.921952380952380963e+02 3.666336363636363558e+02 4.378249999999999886e+02 5.332338461538461161e+02 5.722557142857142480e+02 6.153319999999999936e+02 6.485518749999999955e+02 6.774205882352940762e+02 6.995355555555555611e+02 7.072247368421052442e+02 7.277119999999999891e+02
