1.000000000000000000e+00 1.320000000000000062e+00 1.280000000000000027e+00 1.495000000000000107e+00 1.643333333333333313e+00 1.692499999999999893e+00 1.919999999999999929e+00 2.271666666666666501e+00 2.765714285714285570e+00 3.712499999999999911e+00 1.411999999999999922e+01 2.427452631578947262e+02 2.944019999999999868e+02 3.147285714285714562e+02 4.328318181818181642e+02 4.954250000000000114e+02 5.451553846153846052e+02 6.029850000000000136e+02 6.336473333333333358e+02 6.586581250000000409e+02 6.836805882352940671e+02 7.008888888888889142e+02 7.182689473684210952e+02 7.335494999999999663e+02
1.000000000000000000e+00 1.520000000000000018e+00 1.290000000000000036e+00 1.320000000000000062e+00 1.573333333333333250e+00 1.637499999999999956e+00 2.041999999999999815e+00 2.339999999999999858e+00 2.644285714285714128e+00 3.378750000000000142e+00 1.025333333333333385e+01 2.488947368421052602e+02 2.796100000000000136e+02 3.093323809523809587e+02 4.275145454545454413e+02 4.823508333333333553e+02 5.593061538461538476e+02 6.062442857142857520e+02 6.240620000000000118e+02 6.526468750000000227e+02 6.928088235294117112e+02 7.036944444444444571e+02 7.166268421052631084e+02 7.346950000000000500e+02
1.000000000000000000e+00 1.260000000000000009e+00 1.290000000000000036e+00 1.334999999999999964e+00 1.666666666666666741e+00 1.597499999999999920e+00 1.872000000000000108e+00 2.100000000000000089e+00 2.495714285714285552e+00 3.323749999999999982e+00 1.109888888888888836e+01 2.408221052631579084e+02 3.074769999999999754e+02 3.304009523809523898e+02 4.278199999999999932e+02 5.265824999999999818e+02 5.662215384615384437e+02 5.965842857142856701e+02 6.365046666666667079e+02 6.461906249999999545e+02 6.794458823529412257e+02 6.928372222222221808e+02 7.156552631578947512e+02 7.379070000000000391e+02
1.000000000000000000e+00 1.100000000000000089e+00 1.330000000000000071e+00 1.489999999999999991e+00 1.663333333333333330e+00 1.612500000000000044e+00 1.987999999999999989e+00 2.185000000000000053e+00 2.575714285714285623e+00 3.701249999999999929e+00 4.183222222222222086e+01 2.286905263157894694e+02 2.827110000000000127e+02 3.219742857142857133e+02 3.901118181818181938e+02 4.958066666666666720e+02 5.676469230769230307e+02 5.942021428571428032e+02 6.435093333333333021e+02 6.551787500000000364e+02 6.803311764705882752e+02 6.972944444444444798e+02 7.212089473684210361e+02 7.419255000000000564e+02
2.000000000000000000e+00 1.239999999999999991e+00 1.399999999999999911e+00 1.445000000000000062e+00 1.506666666666666599e+00 1.614999999999999991e+00 1.913999999999999924e+00 2.236666666666666803e+00 2.847142857142856975e+00 3.537500000000000089e+00 6.983333333333333393e+00 1.900242105263157839e+02 3.015500000000000114e+02 2.903333333333333144e+02 4.285081818181818107e+02 5.132758333333333667e+02 5.604923076923076906e+02 5.911592857142857156e+02 6.474053333333333740e+02 6.581256250000000136e+02 6.855499999999999545e+02 6.979916666666666742e+02 7.100973684210525789e+02 7.341230000000000473e+02
1.000000000000000000e+00 1.199999999999999956e+00 1.320000000000000062e+00 1.510000000000000009e+00 1.443333333333333357e+00 1.717500000000000027e+00 1.983999999999999986e+00 2.223333333333333162e+00 2.642857142857142794e+00 3.692499999999999893e+00 1.275811111111111131e+02 2.265368421052631618e+02 2.876759999999999877e+02 3.022438095238095457e+02 4.419218181818181961e+02 5.183066666666666151e+02 5.587284615384614881e+02 6.067028571428571695e+02 6.442526666666666415e+02 6.593250000000000455e+02 6.863888235294117521e+02 6.975800000000000409e+02 7.143736842105263349e+02 7.330995000000000346e+02
1.000000000000000000e+00 1.239999999999999991e+00 1.239999999999999991e+00 1.379999999999999893e+00 1.573333333333333250e+00 1.832500000000000018e+00 1.885999999999999899e+00 2.358333333333333393e+00 2.697142857142857064e+00 3.211250000000000160e+00 1.463444444444444414e+01 2.387063157894736776e+02 2.776000000000000227e+02 2.997295238095238119e+02 4.248018181818181915e+02 5.211275000000000546e+02 5.615538461538461661e+02 6.065585714285714403e+02 6.228266666666667106e+02 6.531275000000000546e+02 6.917364705882353064e+02 7.048261111111111177e+02 7.222899999999999636e+02 7.330294999999999845e+02
1.000000000000000000e+00 1.439999999999999947e+00 1.399999999999999911e+00 1.324999999999999956e+00 1.583333333333333259e+00 1.834999999999999964e+00 1.806000000000000050e+00 2.206666666666666554e+00 2.465714285714285747e+00 3.513749999999999929e+00 1.159111111111111114e+01 2.430263157894736707e+02 2.770889999999999986e+02 3.157809523809523853e+02 4.316172727272727343e+02 5.077958333333333485e+02 5.510638461538461570e+02 5.857907142857143299e+02 6.241766666666666197e+02 6.578624999999999545e+02 6.898958823529411575e+02 7.041572222222222308e+02 7.140926315789473620e+02 7.358025000000000091e+02
1.000000000000000000e+00 1.139999999999999902e+00 1.429999999999999938e+00 1.425000000000000044e+00 1.453333333333333366e+00 1.780000000000000027e+00 1.875999999999999890e+00 2.356666666666666465e+00 2.681428571428571495e+00 3.564999999999999947e+00 5.245444444444444798e+01 2.348684210526315894e+02 2.929839999999999804e+02 3.170809523809523967e+02 4.207336363636363785e+02 5.126091666666666242e+02 5.716461538461538794e+02 6.002457142857142571e+02 6.379113333333333458e+02 6.573662500000000364e+02 6.827570588235294053e+02 7.025005555555555929e+02 7.128573684210526835e+02 7.308930000000000291e+02
1.000000000000000000e+00 1.159999999999999920e+00 1.250000000000000000e+00 1.435000000000000053e+00 1.586666666666666670e+00 1.669999999999999929e+00 1.917999999999999927e+00 2.250000000000000000e+00 2.674285714285714377e+00 3.751250000000000195e+00 7.204444444444444429e+00 2.479378947368421109e+02 2.825830000000000268e+02 3.127323809523809359e+02 3.914854545454545587e+02 5.198716666666666697e+02 5.680738461538461479e+02 5.984049999999999727e+02 6.328073333333333039e+02 6.586000000000000227e+02 6.728488235294117885e+02 7.019233333333332894e+02 7.191010526315789093e+02 7.330030000000000427e+02
2.000000000000000000e+00 1.239999999999999991e+00 1.320000000000000062e+00 1.370000000000000107e+00 1.543333333333333224e+00 1.672500000000000098e+00 1.737999999999999989e+00 2.138333333333333197e+00 2.644285714285714128e+00 3.458750000000000213e+00 1.905111111111111200e+01 2.603421052631579187e+02 2.751940000000000168e+02 3.256057142857142708e+02 4.070327272727272998e+02 5.024100000000000250e+02 5.592092307692307713e+02 5.858457142857142799e+02 6.321720000000000255e+02 6.641974999999999909e+02 6.793899999999999864e+02 6.976122222222222717e+02 7.170442105263157373e+02 7.291894999999999527e+02
1.000000000000000000e+00 1.419999999999999929e+00 1.350000000000000089e+00 1.445000000000000062e+00 1.510000000000000009e+00 1.702499999999999902e+00 1.899999999999999911e+00 2.118333333333333179e+00 2.744285714285714217e+00 3.697499999999999787e+00 2.730444444444444585e+01 1.430105263157894626e+02 2.835140000000000100e+02 2.971580952380952567e+02 4.166009090909091128e+02 5.168641666666666197e+02 5.686100000000000136e+02 6.041799999999999500e+02 6.325406666666666524e+02 6.494893749999999955e+02 6.820341176470587925e+02 7.009122222222222263e+02 7.264573684210525926e+02 7.365720000000000027e+02
1.000000000000000000e+00 1.199999999999999956e+00 1.459999999999999964e+00 1.524999999999999911e+00 1.626666666666666705e+00 1.750000000000000000e+00 1.971999999999999975e+00 2.069999999999999840e+00 2.624285714285714111e+00 3.806249999999999911e+00 7.116666666666666252e+00 2.379326315789473654e+02 2.786739999999999782e+02 3.213295238095238346e+02 4.509736363636363876e+02 5.230983333333333576e+02 5.713230769230768828e+02 5.946057142857142708e+02 6.330466666666666242e+02 6.616043750000000045e+02 6.723552941176470767e+02 7.002188888888888414e+02 7.171031578947367962e+02 7.343769999999999527e+02
1.000000000000000000e+00 1.340000000000000080e+00 1.360000000000000098e+00 1.415000000000000036e+00 1.503333333333333410e+00 1.767500000000000071e+00 1.917999999999999927e+00 2.191666666666666874e+00 2.761428571428571566e+00 3.476249999999999840e+00 1.966777777777777914e+01 2.404726315789473574e+02 2.840600000000000023e+02 3.210390476190476079e+02 4.147363636363636488e+02 5.104674999999999727e+02 5.596676923076922776e+02 5.986185714285713857e+02 6.541040000000000418e+02 6.565131249999999454e+02 6.767370588235294235e+02 7.075944444444444343e+02 7.100326315789474165e+02 7.382039999999999509e+02
1.000000000000000000e+00 1.239999999999999991e+00 1.270000000000000018e+00 1.405000000000000027e+00 1.553333333333333233e+00 1.739999999999999991e+00 1.963999999999999968e+00 2.141666666666666607e+00 2.654285714285714359e+00 3.371249999999999858e+00 5.279888888888888943e+01 2.223421052631578902e+02 2.835520000000000209e+02 3.155019047619047683e+02 4.305754545454545337e+02 5.084250000000000114e+02 5.561792307692307986e+02 6.022357142857142662e+02 6.336833333333332803e+02 6.569993749999999864e+02 6.943011764705881887e+02 6.971166666666666742e+02 7.175900000000000318e+02 7.316915000000000191e+02
1.000000000000000000e+00 1.379999999999999893e+00 1.370000000000000107e+00 1.375000000000000000e+00 1.486666666666666581e+00 1.892500000000000071e+00 1.816000000000000059e+00 2.203333333333333144e+00 2.452857142857142847e+00 3.292499999999999982e+00 1.364444444444444393e+01 2.278915789473684299e+02 2.876850000000000023e+02 3.175142857142857338e+02 4.515281818181817926e+02 5.111716666666666811e+02 5.558169230769231035e+02 6.085735714285714266e+02 6.317193333333333385e+02 6.521481250000000500e+02 6.854805882352941353e+02 6.994288888888888778e+02 7.285089473684211043e+02 7.426839999999999691e+02
1.000000000000000000e+00 1.260000000000000009e+00 1.280000000000000027e+00 1.475000000000000089e+00 1.600000000000000089e+00 1.722499999999999920e+00 1.927999999999999936e+00 2.470000000000000195e+00 2.911428571428571477e+00 3.407500000000000195e+00 1.752333333333333343e+01 2.535957894736842206e+02 2.845160000000000196e+02 3.258476190476190482e+02 4.203563636363636533e+02 5.178666666666666742e+02 5.564953846153846371e+02 6.017021428571428032e+02 6.303099999999999454e+02 6.651662499999999909e+02 6.792370588235294235e+02 7.082583333333333258e+02 7.182047368421052624e+02 7.397190000000000509e+02
2.000000000000000000e+00 1.280000000000000027e+00 1.290000000000000036e+00 1.479999999999999982e+00 1.606666666666666687e+00 1.717500000000000027e+00 1.842000000000000082e+00 2.313333333333333464e+00 2.582857142857142740e+00 3.608750000000000124e+00 5.568888888888888999e+01 2.185347368421052749e+02 2.839780000000000086e+02 3.130238095238095184e+02 4.294090909090909349e+02 4.983750000000000000e+02 5.793846153846153584e+02 6.054871428571428851e+02 6.310673333333332948e+02 6.646718750000000000e+02 6.870594117647058283e+02 6.996027777777777601e+02 7.261694736842105158e+02 7.380960000000000036e+02
1.000000000000000000e+00 1.439999999999999947e+00 1.419999999999999929e+00 1.389999999999999902e+00 1.523333333333333428e+00 1.712499999999999911e+00 1.814000000000000057e+00 2.146666666666666501e+00 2.698571428571428399e+00 3.120000000000000107e+00 1.805444444444444585e+01 2.252747368421052556e+02 2.664649999999999750e+02 3.029285714285714448e+02 4.285272727272727025e+02 5.158674999999999500e+02 5.664415384615384710e+02 6.002385714285713902e+02 6.261779999999999973e+02 6.606275000000000546e+02 6.866417647058823377e+02 6.994161111111111495e+02 7.215147368421052079e+02 7.407430000000000518e+02
1.000000000000000000e+00 1.439999999999999947e+00 1.250000000000000000e+00 1.364999999999999991e+00 1.649999999999999911e+00 1.607499999999999929e+00 1.800000000000000044e+00 2.104999999999999982e+00 2.845714285714285641e+00 3.140000000000000124e+00 7.349111111111110972e+01 2.466947368421052715e+02 2.932259999999999991e+02 3.142219047619047387e+02 4.211072727272727434e+02 5.141725000000000136e+02 5.622138461538461343e+02 6.146771428571428260e+02 6.332480000000000473e+02 6.584068750000000136e+02 6.808200000000000500e+02 6.876066666666666833e+02 7.170621052631579460e+02 7.334800000000000182e+02
1.000000000000000000e+00 1.300000000000000044e+00 1.370000000000000107e+00 1.419999999999999929e+00 1.626666666666666705e+00 1.792499999999999982e+00 1.945999999999999952e+00 2.109999999999999876e+00 2.747142857142857331e+00 3.736250000000000071e+00 1.418777777777777693e+01 2.351652631578947421e+02 2.704870000000000232e+02 3.030657142857143072e+02 4.211709090909091060e+02 5.057308333333333508e+02 5.564284615384615336e+02 5.988321428571429124e+02 6.395739999999999554e+02 6.487925000000000182e+02 6.729705882352941444e+02 6.977316666666666833e+02 7.250352631578947467e+02 7.391594999999999800e+02
2.000000000000000000e+00 1.300000000000000044e+00 1.320000000000000062e+00 1.439999999999999947e+00 1.550000000000000044e+00 1.784999999999999920e+00 1.836000000000000076e+00 2.131666666666666821e+00 2.497142857142857331e+00 3.561249999999999805e+00 3.257888888888889056e+01 1.925905263157894751e+02 2.977799999999999727e+02 3.142609523809524035e+02 4.162736363636363421e+02 5.134316666666666151e+02 5.639192307692308077e+02 6.106649999999999636e+02 6.260220000000000482e+02 6.599581249999999955e+02 6.908688235294117703e+02 7.047872222222222263e+02 7.193663157894736742e+02 7.370544999999999618e+02
2.000000000000000000e+00 1.340000000000000080e+00 1.280000000000000027e+00 1.385000000000000009e+00 1.563333333333333242e+00 1.665000000000000036e+00 2.048000000000000043e+00 2.151666666666666838e+00 2.471428571428571530e+00 3.305000000000000160e+00 8.182222222222222285e+00 1.827926315789473790e+02 2.922200000000000273e+02 3.118133333333333326e+02 4.094627272727272498e+02 5.091341666666666583e+02 5.532284615384614881e+02 5.939550000000000409e+02 6.376799999999999500e+02 6.662031250000000000e+02 6.854252941176470131e+02 6.980611111111111313e+02 7.097584210526315474e+02 7.327580000000000382e+02
1.000000000000000000e+00 1.280000000000000027e+00 1.360000000000000098e+00 1.479999999999999982e+00 1.580000000000000071e+00 1.717500000000000027e+00 1.862000000000000099e+00 2.294999999999999929e+00 2.540000000000000036e+00 3.411249999999999893e+00 3.727777777777777857e+01 2.033778947368421086e+02 2.756100000000000136e+02 3.150361904761904839e+02 4.331845454545454572e+02 4.993933333333333167e+02 5.664815384615384346e+02 5.964364285714285643e+02 6.267720000000000482e+02 6.596818749999999909e+02 6.853676470588235361e+02 6.986788888888888778e+02 7.081005263157894660e+02 7.367464999999999691e+02
1.000000000000000000e+00 1.340000000000000080e+00 1.459999999999999964e+00 1.409999999999999920e+00 1.639999999999999902e+00 1.737500000000000044e+00 1.842000000000000082e+00 2.115000000000000213e+00 2.431428571428571495e+00 4.096250000000000391e+00 2.284111111111111114e+01 2.377305263157894615e+02 2.904420000000000073e+02 3.016057142857142708e+02 4.473436363636363353e+02 5.194566666666667061e+02 5.580238461538461934e+02 6.128907142857142389e+02 6.287680000000000291e+02 6.561062500000000455e+02 6.643570588235294281e+02 6.947538888888889232e+02 7.148873684210526562e+02 7.363795000000000073e+02
