2.000000000000000000e+00 2.140000000000000124e+00 2.080000000000000071e+00 1.965000000000000080e+00 2.016666666666666607e+00 2.692499999999999893e+00 3.124000000000000110e+00 4.915000000000000036e+00 3.802857142857143202e+01 3.194787499999999909e+02 3.651044444444444252e+02 3.698326315789473711e+02 4.213609999999999900e+02 3.958733333333333348e+02 4.122218181818182074e+02 4.063958333333333144e+02 5.300215384615385119e+02 5.593657142857142617e+02 6.135499999999999545e+02 6.573962500000000091e+02 6.744364705882352382e+02 6.949750000000000227e+02 7.103542105263157964e+02 7.332485000000000355e+02
1.000000000000000000e+00 1.659999999999999920e+00 1.800000000000000044e+00 2.100000000000000089e+00 2.479999999999999982e+00 2.672499999999999876e+00 3.125999999999999890e+00 4.129999999999999893e+00 1.838000000000000114e+02 3.409962499999999750e+02 3.811944444444444571e+02 3.789494736842105453e+02 4.131129999999999995e+02 3.905961904761904862e+02 3.977118181818181597e+02 4.034133333333333553e+02 5.020515384615384846e+02 5.698142857142856883e+02 6.164646666666666306e+02 6.492843749999999545e+02 6.745435294117646663e+02 6.851672222222222217e+02 7.175384210526316338e+02 7.413724999999999454e+02
1.000000000000000000e+00 1.639999999999999902e+00 1.570000000000000062e+00 2.104999999999999982e+00 2.176666666666666750e+00 2.725000000000000089e+00 2.867999999999999883e+00 4.634999999999999787e+00 9.753571428571429180e+01 3.264250000000000114e+02 3.756822222222222081e+02 3.943621052631579005e+02 4.073840000000000146e+02 4.089047619047619264e+02 4.153399999999999750e+02 4.267508333333333326e+02 5.274453846153845689e+02 5.763250000000000455e+02 6.095326666666666142e+02 6.549612499999999500e+02 6.652011764705882797e+02 6.871755555555555475e+02 7.158326315789473711e+02 7.345049999999999955e+02
2.000000000000000000e+00 1.760000000000000009e+00 1.770000000000000018e+00 2.185000000000000053e+00 2.430000000000000160e+00 2.872500000000000053e+00 3.338000000000000078e+00 4.431666666666666643e+00 1.535714285714285765e+01 3.104200000000000159e+02 3.719333333333333371e+02 3.840136842105263213e+02 3.866569999999999823e+02 4.064619047619047478e+02 4.104190909090909258e+02 3.943700000000000045e+02 5.050484615384615381e+02 5.722300000000000182e+02 5.999959999999999809e+02 6.395793750000000273e+02 6.767294117647059011e+02 6.901494444444444980e+02 7.223878947368420995e+02 7.363790000000000191e+02
1.000000000000000000e+00 1.879999999999999893e+00 1.790000000000000036e+00 1.979999999999999982e+00 2.286666666666666625e+00 2.337499999999999911e+00 3.092000000000000082e+00 4.146666666666666501e+00 9.847142857142857864e+00 3.087074999999999818e+02 3.867599999999999909e+02 3.764252631578947330e+02 3.634580000000000268e+02 3.771295238095237892e+02 4.050527272727272816e+02 4.055674999999999955e+02 5.106084615384615404e+02 5.691107142857142662e+02 6.123746666666667124e+02 6.432643749999999727e+02 6.740700000000000500e+02 6.964305555555555429e+02 7.183831578947368826e+02 7.242259999999999991e+02
1.000000000000000000e+00 1.739999999999999991e+00 1.889999999999999902e+00 2.229999999999999982e+00 2.273333333333333428e+00 2.462499999999999911e+00 3.491999999999999993e+00 4.746666666666667034e+00 4.214999999999999858e+01 3.724262499999999818e+02 3.844655555555555679e+02 3.957894736842105203e+02 3.953759999999999764e+02 3.846142857142856997e+02 4.054763636363636579e+02 4.349691666666666947e+02 5.099007692307692423e+02 5.792764285714285961e+02 6.144980000000000473e+02 6.519331250000000182e+02 6.704317647058823013e+02 7.044199999999999591e+02 7.076789473684210634e+02 7.197105000000000246e+02
2.000000000000000000e+00 1.719999999999999973e+00 1.820000000000000062e+00 2.069999999999999840e+00 2.273333333333333428e+00 2.657500000000000195e+00 3.185999999999999943e+00 3.854999999999999982e+00 8.502857142857143558e+00 3.024387500000000273e+02 3.740211111111111109e+02 3.910610526315789457e+02 3.971490000000000009e+02 3.913485714285714039e+02 3.986654545454545655e+02 4.202450000000000045e+02 4.246800000000000068e+02 5.717142857142856656e+02 6.278553333333333057e+02 6.535081249999999500e+02 6.686841176470587698e+02 6.946616666666666333e+02 7.128036842105262849e+02 7.284080000000000155e+02
3.000000000000000000e+00 2.160000000000000142e+00 1.719999999999999973e+00 2.080000000000000071e+00 2.240000000000000213e+00 2.532500000000000195e+00 3.267999999999999794e+00 4.036666666666667069e+00 4.454285714285714448e+01 3.179537500000000136e+02 3.438977777777777760e+02 3.908831578947368257e+02 3.713600000000000136e+02 4.014552380952380872e+02 4.106263636363636351e+02 4.223833333333333258e+02 4.218584615384615404e+02 5.843750000000000000e+02 6.121946666666666488e+02 6.416299999999999955e+02 6.777823529411764412e+02 6.952883333333332985e+02 7.087163157894736969e+02 7.262380000000000564e+02
4.000000000000000000e+00 2.020000000000000018e+00 2.089999999999999858e+00 1.995000000000000107e+00 2.116666666666666696e+00 2.617500000000000160e+00 3.398000000000000131e+00 4.456666666666666998e+00 1.842542857142857144e+02 3.198125000000000000e+02 3.629800000000000182e+02 3.781484210526315906e+02 3.987470000000000141e+02 4.019857142857142662e+02 4.193554545454545632e+02 4.144766666666666879e+02 4.344738461538461820e+02 5.756264285714286189e+02 6.075126666666666324e+02 6.566643749999999500e+02 6.705223529411764503e+02 6.931594444444444889e+02 7.035605263157895024e+02 7.321349999999999909e+02
3.000000000000000000e+00 1.979999999999999982e+00 1.959999999999999964e+00 2.100000000000000089e+00 2.176666666666666750e+00 2.725000000000000089e+00 3.628000000000000114e+00 3.958333333333333481e+00 1.036428571428571388e+01 3.344125000000000227e+02 4.030677777777777919e+02 3.784663157894736969e+02 3.988269999999999982e+02 3.948857142857143003e+02 4.052500000000000000e+02 4.113625000000000114e+02 5.504453846153845689e+02 5.901492857142857247e+02 6.124146666666666761e+02 6.476231249999999591e+02 6.731976470588235770e+02 6.890772222222221899e+02 7.103505263157894660e+02 7.322295000000000300e+02
1.000000000000000000e+00 1.600000000000000089e+00 1.750000000000000000e+00 2.089999999999999858e+00 2.066666666666666874e+00 2.685000000000000053e+00 3.036000000000000032e+00 4.148333333333333428e+00 2.000242857142857247e+02 3.302674999999999841e+02 3.908577777777777555e+02 3.923999999999999773e+02 3.905509999999999877e+02 3.984438095238095343e+02 4.220727272727272634e+02 4.084700000000000273e+02 4.215353846153846007e+02 5.789928571428571331e+02 6.131259999999999764e+02 6.435412499999999909e+02 6.656658823529411393e+02 6.898799999999999955e+02 7.091273684210526653e+02 7.298210000000000264e+02
1.000000000000000000e+00 1.620000000000000107e+00 1.840000000000000080e+00 1.899999999999999911e+00 2.270000000000000018e+00 2.452500000000000124e+00 3.004000000000000004e+00 3.935000000000000053e+00 1.414742857142857133e+02 3.128287500000000136e+02 3.459866666666666788e+02 3.853442105263158055e+02 3.973759999999999764e+02 4.046304761904762017e+02 4.183772727272727252e+02 4.330683333333333280e+02 4.247092307692307713e+02 5.649528571428571695e+02 6.111553333333333740e+02 6.571475000000000364e+02 6.727635294117646936e+02 6.922088888888888505e+02 7.137315789473684617e+02 7.269275000000000091e+02
1.000000000000000000e+00 1.620000000000000107e+00 1.969999999999999973e+00 2.220000000000000195e+00 2.396666666666666501e+00 2.589999999999999858e+00 2.795999999999999819e+00 3.770000000000000018e+00 1.852385714285714187e+02 2.990049999999999955e+02 3.627477777777777987e+02 3.652368421052631788e+02 3.859540000000000077e+02 3.663076190476190277e+02 3.884609090909090696e+02 4.108991666666666447e+02 4.114115384615384414e+02 5.831835714285714403e+02 6.154706666666667161e+02 6.583281250000000000e+02 6.687947058823529005e+02 6.968544444444444252e+02 7.086936842105262713e+02 7.323440000000000509e+02
1.000000000000000000e+00 2.000000000000000000e+00 2.000000000000000000e+00 2.075000000000000178e+00 2.303333333333333233e+00 2.572499999999999787e+00 3.446000000000000174e+00 3.939999999999999947e+00 1.993628571428571377e+02 2.928562499999999886e+02 3.462266666666666879e+02 3.863189473684210498e+02 3.733299999999999841e+02 3.941980952380952203e+02 4.031590909090909349e+02 4.100375000000000227e+02 4.315500000000000114e+02 5.680392857142857110e+02 6.205346666666666806e+02 6.525318750000000136e+02 6.784776470588235497e+02 6.961088888888889414e+02 7.178315789473683708e+02 7.349255000000000564e+02
3.000000000000000000e+00 2.120000000000000107e+00 1.620000000000000107e+00 2.174999999999999822e+00 2.213333333333333375e+00 2.682500000000000107e+00 2.962000000000000188e+00 4.321666666666666323e+00 2.039714285714285609e+02 3.381524999999999750e+02 3.947511111111111290e+02 3.850231578947368689e+02 3.747069999999999936e+02 3.903771428571428714e+02 3.805327272727272998e+02 4.080591666666666697e+02 4.283207692307692582e+02 5.811078571428571422e+02 6.122319999999999709e+02 6.382443749999999909e+02 6.670900000000000318e+02 6.934705555555555065e+02 7.196610526315789684e+02 7.288640000000000327e+02
1.000000000000000000e+00 1.639999999999999902e+00 1.919999999999999929e+00 2.165000000000000036e+00 2.276666666666666838e+00 2.547499999999999876e+00 3.220000000000000195e+00 3.728333333333333499e+00 1.392085714285714175e+02 2.944250000000000114e+02 3.934477777777777874e+02 3.934726315789473574e+02 3.667880000000000109e+02 3.963295238095238346e+02 4.073318181818181642e+02 4.211141666666666765e+02 4.987184615384615540e+02 5.706699999999999591e+02 6.106900000000000546e+02 6.450356249999999818e+02 6.613200000000000500e+02 7.032827777777778238e+02 7.153231578947368234e+02 7.330805000000000291e+02
1.000000000000000000e+00 1.760000000000000009e+00 1.760000000000000009e+00 1.875000000000000000e+00 2.326666666666666661e+00 2.652499999999999858e+00 3.224000000000000199e+00 4.556666666666666643e+00 1.220014285714285762e+02 2.887862499999999955e+02 3.689366666666666674e+02 3.880694736842105499e+02 4.326720000000000255e+02 3.811504761904761835e+02 4.004963636363636397e+02 4.154591666666666470e+02 4.244038461538461320e+02 5.803521428571428942e+02 6.133113333333333230e+02 6.485475000000000136e+02 6.837958823529411347e+02 7.010833333333333712e+02 7.096857894736841672e+02 7.266860000000000355e+02
1.000000000000000000e+00 1.580000000000000071e+00 1.830000000000000071e+00 1.939999999999999947e+00 2.333333333333333481e+00 2.665000000000000036e+00 3.157999999999999918e+00 4.096666666666666679e+00 2.159714285714285609e+02 3.389937499999999773e+02 3.597344444444444207e+02 3.727252631578947444e+02 3.927010000000000218e+02 3.967361904761904725e+02 4.035218181818181620e+02 4.330724999999999909e+02 4.897092307692307713e+02 5.586407142857142389e+02 6.165946666666666260e+02 6.552668750000000273e+02 6.716388235294117521e+02 7.003305555555555202e+02 7.087978947368420677e+02 7.312535000000000309e+02
1.000000000000000000e+00 1.899999999999999911e+00 1.860000000000000098e+00 2.154999999999999805e+00 2.319999999999999840e+00 2.602500000000000036e+00 3.545999999999999819e+00 3.816666666666666874e+00 6.160000000000000142e+00 3.167450000000000045e+02 3.697122222222222376e+02 3.812463157894736696e+02 3.588450000000000273e+02 4.166876190476190231e+02 4.020690909090909031e+02 4.348158333333333303e+02 4.346123076923076951e+02 5.745750000000000455e+02 6.001733333333332894e+02 6.494387500000000273e+02 6.771017647058823741e+02 6.978772222222222581e+02 7.232642105263157646e+02 7.270449999999999591e+02
1.000000000000000000e+00 1.719999999999999973e+00 1.610000000000000098e+00 2.069999999999999840e+00 2.319999999999999840e+00 2.717499999999999805e+00 3.081999999999999851e+00 4.906666666666666288e+00 1.082857142857142918e+01 3.404725000000000250e+02 3.652211111111110995e+02 3.925894736842105317e+02 3.846370000000000005e+02 3.735638095238095389e+02 3.901354545454545359e+02 4.190325000000000273e+02 4.179930769230768988e+02 5.659349999999999454e+02 6.046100000000000136e+02 6.513687499999999773e+02 6.794182352941176077e+02 6.956116666666666788e+02 7.107899999999999636e+02 7.236159999999999854e+02
1.000000000000000000e+00 1.800000000000000044e+00 1.919999999999999929e+00 2.115000000000000213e+00 2.450000000000000178e+00 2.677500000000000213e+00 2.914000000000000146e+00 3.863333333333333286e+00 1.500314285714285631e+02 3.514725000000000250e+02 3.581711111111110881e+02 3.750189473684210384e+02 3.976390000000000100e+02 4.091409523809523989e+02 3.986763636363636465e+02 4.113174999999999955e+02 4.272015384615384619e+02 5.793014285714285734e+02 6.205686666666666724e+02 6.462312500000000455e+02 6.742235294117647300e+02 6.987561111111110677e+02 7.165389473684210770e+02 7.291200000000000045e+02
1.000000000000000000e+00 1.679999999999999938e+00 1.840000000000000080e+00 1.870000000000000107e+00 2.206666666666666554e+00 2.549999999999999822e+00 3.112000000000000099e+00 4.125000000000000000e+00 8.257142857142858006e+00 2.966437500000000114e+02 3.587688888888889096e+02 3.516010526315789662e+02 3.935009999999999764e+02 3.973590476190476011e+02 3.929027272727272475e+02 4.172366666666666788e+02 5.019730769230769170e+02 5.792871428571428396e+02 6.086779999999999973e+02 6.470075000000000500e+02 6.846341176470588152e+02 6.957283333333333530e+02 7.194473684210526017e+02 7.289880000000000564e+02
1.000000000000000000e+00 1.360000000000000098e+00 1.699999999999999956e+00 1.975000000000000089e+00 2.279999999999999805e+00 2.627499999999999947e+00 3.375999999999999890e+00 4.748333333333333073e+00 7.671428571428571708e+00 2.729212499999999864e+02 3.906422222222222445e+02 3.625389473684210770e+02 3.974870000000000232e+02 3.946352380952380940e+02 4.018318181818181642e+02 4.149583333333333144e+02 5.010907692307692400e+02 5.629757142857142753e+02 6.121200000000000045e+02 6.556749999999999545e+02 6.692788235294117385e+02 6.869944444444444116e+02 7.243847368421052124e+02 7.220710000000000264e+02
2.000000000000000000e+00 1.560000000000000053e+00 1.790000000000000036e+00 2.120000000000000107e+00 2.416666666666666519e+00 2.444999999999999840e+00 3.748000000000000220e+00 5.221666666666666679e+00 2.416114285714285757e+02 2.961974999999999909e+02 3.664066666666666947e+02 3.966347368421052693e+02 4.027719999999999914e+02 3.856600000000000250e+02 3.870090909090909008e+02 4.156491666666666447e+02 4.311884615384615245e+02 5.680185714285714766e+02 6.107619999999999436e+02 6.419843750000000000e+02 6.772482352941176487e+02 7.026577777777778238e+02 7.193636842105263440e+02 7.278769999999999527e+02
2.000000000000000000e+00 1.600000000000000089e+00 2.029999999999999805e+00 2.035000000000000142e+00 2.399999999999999911e+00 2.742500000000000160e+00 3.266000000000000014e+00 4.065000000000000391e+00 1.102128571428571462e+02 2.919262499999999818e+02 3.749733333333333576e+02 4.004378947368421109e+02 3.847110000000000127e+02 4.011723809523809336e+02 4.020981818181818426e+02 4.113974999999999795e+02 5.020792307692307759e+02 5.873364285714285415e+02 6.065819999999999936e+02 6.473181250000000091e+02 6.851170588235294190e+02 7.021533333333333076e+02 7.148163157894737196e+02 7.327670000000000528e+02
