1.000000000000000000e+00 1.020000000000000018e+00 1.030000000000000027e+00 1.120000000000000107e+00 1.229999999999999982e+00 1.237500000000000044e+00 1.360000000000000098e+00 1.570000000000000062e+00 1.701428571428571512e+00 1.945000000000000062e+00 2.552222222222222392e+00 2.951578947368421080e+00 9.301800000000000068e+01 3.299885714285714471e+02 4.050163636363636215e+02 4.933541666666666856e+02 5.515769230769230944e+02 6.007935714285714539e+02 6.193120000000000118e+02 6.547456250000000182e+02 6.798341176470588607e+02 6.965911111111111040e+02 7.250421052631578505e+02 7.218075000000000045e+02
1.000000000000000000e+00 1.040000000000000036e+00 1.040000000000000036e+00 1.129999999999999893e+00 1.196666666666666767e+00 1.274999999999999911e+00 1.375999999999999890e+00 1.528333333333333321e+00 1.694285714285714395e+00 1.943750000000000089e+00 2.583333333333333481e+00 3.255789473684210567e+00 1.183679999999999950e+02 2.991800000000000068e+02 4.105218181818181620e+02 5.026208333333333371e+02 5.424623076923077178e+02 5.876578571428570967e+02 6.298099999999999454e+02 6.465331250000000409e+02 6.695511764705881887e+02 6.941433333333333167e+02 7.059121052631578550e+02 7.333555000000000064e+02
1.000000000000000000e+00 1.060000000000000053e+00 1.050000000000000044e+00 1.135000000000000009e+00 1.146666666666666723e+00 1.235000000000000098e+00 1.364000000000000101e+00 1.496666666666666590e+00 1.724285714285714199e+00 2.036249999999999893e+00 2.475555555555555731e+00 2.936842105263157698e+00 1.440260000000000105e+02 2.903485714285714039e+02 3.758181818181818130e+02 5.004066666666666947e+02 5.445553846153845825e+02 5.933978571428571058e+02 6.336906666666666297e+02 6.615587500000000318e+02 6.790005882352941171e+02 6.939038888888889005e+02 7.132852631578947467e+02 7.373115000000000236e+02
1.000000000000000000e+00 1.000000000000000000e+00 1.110000000000000098e+00 1.060000000000000053e+00 1.173333333333333339e+00 1.280000000000000027e+00 1.354000000000000092e+00 1.528333333333333321e+00 1.735714285714285765e+00 1.989999999999999991e+00 2.611111111111111160e+00 3.151578947368421257e+00 1.383559999999999945e+02 3.416257142857143094e+02 4.193254545454545337e+02 4.902408333333333417e+02 5.528730769230769511e+02 5.925678571428571786e+02 6.230979999999999563e+02 6.603756250000000136e+02 6.792311764705882524e+02 6.957050000000000409e+02 7.174557894736842627e+02 7.238319999999999936e+02
1.000000000000000000e+00 1.000000000000000000e+00 1.040000000000000036e+00 1.159999999999999920e+00 1.223333333333333384e+00 1.277500000000000080e+00 1.469999999999999973e+00 1.524999999999999911e+00 1.714285714285714191e+00 2.046250000000000124e+00 2.551111111111111107e+00 3.209473684210526478e+00 1.570989999999999895e+02 3.327419047619047774e+02 4.027436363636363694e+02 4.973041666666666742e+02 5.533253846153845643e+02 5.983771428571428714e+02 6.181773333333333085e+02 6.528756250000000136e+02 6.694705882352941444e+02 6.954783333333333530e+02 7.140042105263157737e+02 7.281660000000000537e+02
1.000000000000000000e+00 1.000000000000000000e+00 1.060000000000000053e+00 1.135000000000000009e+00 1.239999999999999991e+00 1.277500000000000080e+00 1.431999999999999940e+00 1.544999999999999929e+00 1.728571428571428648e+00 1.922500000000000098e+00 2.653333333333333321e+00 2.942105263157894779e+00 1.543460000000000036e+02 3.036723809523809336e+02 4.066690909090909258e+02 4.926150000000000091e+02 5.563053846153845825e+02 5.858528571428571468e+02 6.270006666666666888e+02 6.577337499999999864e+02 6.742452941176470631e+02 6.921322222222222535e+02 7.113084210526316156e+02 7.301304999999999836e+02
1.000000000000000000e+00 1.020000000000000018e+00 1.020000000000000018e+00 1.094999999999999973e+00 1.226666666666666572e+00 1.274999999999999911e+00 1.411999999999999922e+00 1.558333333333333348e+00 1.702857142857142847e+00 2.048750000000000071e+00 2.445555555555555483e+00 3.096842105263157841e+00 1.434629999999999939e+02 3.392342857142857042e+02 4.007390909090909190e+02 4.906399999999999864e+02 5.499669230769230808e+02 5.903664285714286279e+02 6.274246666666666670e+02 6.557337499999999864e+02 6.726217647058823559e+02 6.883200000000000500e+02 7.180247368421053125e+02 7.349165000000000418e+02
1.000000000000000000e+00 1.040000000000000036e+00 1.030000000000000027e+00 1.139999999999999902e+00 1.193333333333333357e+00 1.260000000000000009e+00 1.427999999999999936e+00 1.571666666666666767e+00 1.695714285714285730e+00 2.011249999999999982e+00 2.574444444444444535e+00 3.143157894736841929e+00 1.265739999999999981e+02 3.190723809523809678e+02 4.152790909090908826e+02 5.032141666666666424e+02 5.596615384615384983e+02 5.974557142857142935e+02 6.301879999999999882e+02 6.595225000000000364e+02 6.698158823529412302e+02 6.977411111111110813e+02 7.157810526315789730e+02 7.332069999999999936e+02
1.000000000000000000e+00 1.040000000000000036e+00 1.100000000000000089e+00 1.149999999999999911e+00 1.209999999999999964e+00 1.274999999999999911e+00 1.377999999999999892e+00 1.538333333333333330e+00 1.678571428571428603e+00 2.018749999999999822e+00 2.454444444444444429e+00 3.186315789473684212e+00 1.173220000000000027e+02 2.958942857142857292e+02 3.900545454545454618e+02 5.078908333333333189e+02 5.436230769230769511e+02 5.796921428571428123e+02 6.219833333333333485e+02 6.629462499999999636e+02 6.739158823529411393e+02 7.001444444444443889e+02 7.023368421052631447e+02 7.242005000000000337e+02
1.000000000000000000e+00 1.000000000000000000e+00 1.060000000000000053e+00 1.080000000000000071e+00 1.159999999999999920e+00 1.314999999999999947e+00 1.356000000000000094e+00 1.528333333333333321e+00 1.668571428571428594e+00 2.140000000000000124e+00 2.604444444444444340e+00 3.143157894736841929e+00 1.238880000000000052e+02 2.790104761904761972e+02 3.909836363636363785e+02 4.974691666666666947e+02 5.550830769230768738e+02 5.987400000000000091e+02 6.309053333333333740e+02 6.498656250000000227e+02 6.756341176470588152e+02 6.905116666666666561e+02 7.109042105263157509e+02 7.306064999999999827e+02
1.000000000000000000e+00 1.020000000000000018e+00 1.060000000000000053e+00 1.110000000000000098e+00 1.189999999999999947e+00 1.337499999999999911e+00 1.352000000000000091e+00 1.534999999999999920e+00 1.764285714285714235e+00 1.992499999999999938e+00 2.520000000000000018e+00 2.992631578947368531e+00 1.049519999999999982e+02 3.155819047619047524e+02 3.873618181818181938e+02 5.024524999999999864e+02 5.513346153846154039e+02 5.829450000000000500e+02 6.222373333333333676e+02 6.599474999999999909e+02 6.749111764705882024e+02 6.998511111111110949e+02 7.130263157894736423e+02 7.262930000000000064e+02
1.000000000000000000e+00 1.020000000000000018e+00 1.030000000000000027e+00 1.149999999999999911e+00 1.186666666666666758e+00 1.284999999999999920e+00 1.379999999999999893e+00 1.520000000000000018e+00 1.689999999999999947e+00 2.047499999999999876e+00 2.464444444444444660e+00 3.012631578947368549e+00 1.127579999999999956e+02 3.147914285714285825e+02 3.939254545454545564e+02 5.022866666666666902e+02 5.512369230769230626e+02 5.938042857142856974e+02 6.194139999999999873e+02 6.521956249999999500e+02 6.700735294117647527e+02 6.941399999999999864e+02 7.096247368421052215e+02 7.372279999999999518e+02
1.000000000000000000e+00 1.000000000000000000e+00 1.050000000000000044e+00 1.084999999999999964e+00 1.166666666666666741e+00 1.272499999999999964e+00 1.368000000000000105e+00 1.550000000000000044e+00 1.715714285714285747e+00 1.967500000000000027e+00 2.484444444444444233e+00 3.253684210526315734e+00 1.075870000000000033e+02 3.066600000000000250e+02 3.657563636363636306e+02 4.982816666666666947e+02 5.609261538461538521e+02 5.896892857142856883e+02 6.177886666666666997e+02 6.469718749999999545e+02 6.822194117647059102e+02 6.918899999999999864e+02 7.052331578947367916e+02 7.279595000000000482e+02
1.000000000000000000e+00 1.020000000000000018e+00 1.030000000000000027e+00 1.100000000000000089e+00 1.183333333333333348e+00 1.245000000000000107e+00 1.381999999999999895e+00 1.501666666666666705e+00 1.760000000000000009e+00 2.015000000000000124e+00 2.445555555555555483e+00 2.981052631578947398e+00 1.636810000000000116e+02 3.129028571428571581e+02 3.847790909090908826e+02 4.833658333333333417e+02 5.484900000000000091e+02 5.976614285714285870e+02 6.276333333333333258e+02 6.487531249999999545e+02 6.783864705882352837e+02 6.992888888888888914e+02 7.150700000000000500e+02 7.348980000000000246e+02
1.000000000000000000e+00 1.020000000000000018e+00 1.030000000000000027e+00 1.110000000000000098e+00 1.219999999999999973e+00 1.330000000000000071e+00 1.372000000000000108e+00 1.553333333333333233e+00 1.717142857142857082e+00 2.017500000000000071e+00 2.501111111111111285e+00 3.053684210526316001e+00 1.279929999999999950e+02 3.080142857142857338e+02 3.762118181818181597e+02 4.851083333333333485e+02 5.567253846153846553e+02 5.940207142857142344e+02 6.169053333333333740e+02 6.595568749999999909e+02 6.783899999999999864e+02 6.934566666666667061e+02 7.167515789473684436e+02 7.304394999999999527e+02
1.000000000000000000e+00 1.040000000000000036e+00 1.040000000000000036e+00 1.110000000000000098e+00 1.226666666666666572e+00 1.290000000000000036e+00 1.407999999999999918e+00 1.488333333333333286e+00 1.742857142857142883e+00 2.108750000000000124e+00 2.496666666666666590e+00 3.095789473684210424e+00 1.716450000000000102e+02 3.085085714285714289e+02 4.181899999999999977e+02 4.911658333333333530e+02 5.498823076923076769e+02 5.957764285714285961e+02 6.242853333333333694e+02 6.468975000000000364e+02 6.728270588235294554e+02 6.908638888888889369e+02 7.115931578947368052e+02 7.257670000000000528e+02
1.000000000000000000e+00 1.020000000000000018e+00 1.090000000000000080e+00 1.149999999999999911e+00 1.196666666666666767e+00 1.314999999999999947e+00 1.383999999999999897e+00 1.471666666666666679e+00 1.750000000000000000e+00 2.029999999999999805e+00 2.606666666666666465e+00 3.042105263157894868e+00 1.207330000000000041e+02 3.185276190476190550e+02 3.959609090909090696e+02 5.041025000000000205e+02 5.550538461538461661e+02 5.880471428571428305e+02 6.312259999999999991e+02 6.566156250000000227e+02 6.712111764705882706e+02 6.952549999999999955e+02 7.090384210526316338e+02 7.306675000000000182e+02
1.000000000000000000e+00 1.020000000000000018e+00 1.060000000000000053e+00 1.165000000000000036e+00 1.196666666666666767e+00 1.257500000000000062e+00 1.421999999999999931e+00 1.564999999999999947e+00 1.672857142857142820e+00 2.027499999999999858e+00 2.542222222222222161e+00 3.268421052631579116e+00 1.439739999999999895e+02 3.118228571428571172e+02 3.962609090909090810e+02 5.033025000000000091e+02 5.525199999999999818e+02 5.848142857142856883e+02 6.271380000000000337e+02 6.488224999999999909e+02 6.767488235294117658e+02 6.990644444444444616e+02 7.178615789473684572e+02 7.311430000000000291e+02
1.000000000000000000e+00 1.000000000000000000e+00 1.070000000000000062e+00 1.129999999999999893e+00 1.219999999999999973e+00 1.260000000000000009e+00 1.366000000000000103e+00 1.485000000000000098e+00 1.708571428571428630e+00 2.073749999999999982e+00 2.724444444444444446e+00 3.275789473684210584e+00 1.086719999999999970e+02 3.167171428571428464e+02 4.055899999999999750e+02 4.980408333333333530e+02 5.640061538461538930e+02 5.943942857142857292e+02 6.196620000000000346e+02 6.533662500000000364e+02 6.786547058823529142e+02 6.988861111111110631e+02 7.115084210526315474e+02 7.291100000000000136e+02
1.000000000000000000e+00 1.020000000000000018e+00 1.040000000000000036e+00 1.104999999999999982e+00 1.193333333333333357e+00 1.262499999999999956e+00 1.306000000000000050e+00 1.504999999999999893e+00 1.591428571428571415e+00 1.942499999999999893e+00 2.664444444444444393e+00 3.389473684210526194e+00 1.055630000000000024e+02 2.961942857142857406e+02 4.062372727272727388e+02 4.988799999999999955e+02 5.497084615384615063e+02 5.802849999999999682e+02 6.288799999999999955e+02 6.568281250000000000e+02 6.807058823529412166e+02 6.926027777777777601e+02 7.165731578947368234e+02 7.270009999999999764e+02
1.000000000000000000e+00 1.020000000000000018e+00 1.050000000000000044e+00 1.155000000000000027e+00 1.173333333333333339e+00 1.292499999999999982e+00 1.366000000000000103e+00 1.506666666666666599e+00 1.664285714285714368e+00 1.918749999999999956e+00 2.471111111111111036e+00 3.133684210526315628e+00 1.620310000000000059e+02 3.256238095238095411e+02 3.961945454545454481e+02 4.864358333333333348e+02 5.476553846153846052e+02 6.022635714285714812e+02 6.349640000000000555e+02 6.433987499999999500e+02 6.770782352941176896e+02 6.963561111111110904e+02 7.173673684210526744e+02 7.211765000000000327e+02
1.000000000000000000e+00 1.040000000000000036e+00 1.060000000000000053e+00 1.114999999999999991e+00 1.183333333333333348e+00 1.237500000000000044e+00 1.368000000000000105e+00 1.511666666666666714e+00 1.742857142857142883e+00 2.112499999999999822e+00 2.463333333333333375e+00 2.919999999999999929e+00 1.211050000000000040e+02 2.994028571428571581e+02 3.740899999999999750e+02 4.980208333333333144e+02 5.450246153846153447e+02 5.858192857142856838e+02 6.222273333333333767e+02 6.614462499999999636e+02 6.773288235294118067e+02 7.066816666666666151e+02 7.140615789473683890e+02 7.359144999999999754e+02
1.000000000000000000e+00 1.020000000000000018e+00 1.060000000000000053e+00 1.125000000000000000e+00 1.206666666666666776e+00 1.250000000000000000e+00 1.379999999999999893e+00 1.524999999999999911e+00 1.701428571428571512e+00 2.093750000000000000e+00 2.601111111111110930e+00 3.273684210526315752e+00 1.167870000000000061e+02 3.106838095238095434e+02 3.784536363636363490e+02 4.858550000000000182e+02 5.568946153846153493e+02 5.833428571428571558e+02 6.278786666666666179e+02 6.453237500000000182e+02 6.778988235294117430e+02 7.046966666666667152e+02 7.186052631578946830e+02 7.371235000000000355e+02
1.000000000000000000e+00 1.020000000000000018e+00 1.030000000000000027e+00 1.080000000000000071e+00 1.166666666666666741e+00 1.304999999999999938e+00 1.374000000000000110e+00 1.528333333333333321e+00 1.685714285714285721e+00 2.048750000000000071e+00 2.555555555555555358e+00 3.211578947368420867e+00 1.083520000000000039e+02 3.130828571428571649e+02 3.953000000000000114e+02 4.892841666666666924e+02 5.531307692307692605e+02 5.883764285714286189e+02 6.204606666666666115e+02 6.568012499999999818e+02 6.811682352941176077e+02 6.974411111111111268e+02 7.133873684210526562e+02 7.349840000000000373e+02
1.000000000000000000e+00 1.000000000000000000e+00 1.040000000000000036e+00 1.120000000000000107e+00 1.149999999999999911e+00 1.245000000000000107e+00 1.375999999999999890e+00 1.511666666666666714e+00 1.647142857142857242e+00 2.004999999999999893e+00 2.399999999999999911e+00 3.302105263157894655e+00 1.564910000000000139e+02 2.962104761904761858e+02 4.119200000000000159e+02 4.935233333333333121e+02 5.498307692307691923e+02 5.946942857142856838e+02 6.275306666666666615e+02 6.529343750000000455e+02 6.768682352941176532e+02 6.948444444444444343e+02 7.098036842105262849e+02 7.164534999999999627e+02
