1.000000000000000000e+00 1.060000000000000053e+00 1.030000000000000027e+00 1.104999999999999982e+00 1.153333333333333321e+00 1.327499999999999902e+00 1.338000000000000078e+00 1.543333333333333224e+00 1.652857142857142803e+00 1.965000000000000080e+00 2.625555555555555642e+00 3.173684210526315663e+00 8.834499999999999886e+01 3.252971428571428305e+02 3.702081818181817994e+02 4.792458333333333371e+02 5.511792307692307986e+02 5.931900000000000546e+02 6.212313333333332821e+02 6.617062499999999545e+02 6.822058823529412166e+02 6.972372222222222717e+02 7.196368421052632129e+02 7.222079999999999700e+02
1.000000000000000000e+00 1.000000000000000000e+00 1.080000000000000071e+00 1.094999999999999973e+00 1.216666666666666563e+00 1.304999999999999938e+00 1.459999999999999964e+00 1.538333333333333330e+00 1.758571428571428674e+00 2.076249999999999929e+00 2.532222222222222374e+00 3.288421052631579133e+00 1.422709999999999866e+02 3.111342857142857383e+02 3.648036363636363717e+02 4.842566666666666606e+02 5.501607692307692332e+02 5.931921428571428123e+02 6.202026666666666870e+02 6.441825000000000045e+02 6.760658823529412302e+02 6.986749999999999545e+02 7.152373684210526790e+02 7.320499999999999545e+02
1.000000000000000000e+00 1.000000000000000000e+00 1.070000000000000062e+00 1.135000000000000009e+00 1.206666666666666776e+00 1.300000000000000044e+00 1.330000000000000071e+00 1.500000000000000000e+00 1.697142857142857064e+00 1.995000000000000107e+00 2.535555555555555340e+00 3.186315789473684212e+00 1.375920000000000130e+02 2.904095238095238187e+02 3.722581818181818107e+02 4.813899999999999864e+02 5.324938461538461070e+02 5.860392857142857110e+02 6.152873333333333221e+02 6.490018750000000409e+02 6.696835294117646527e+02 6.962949999999999591e+02 7.083515789473684663e+02 7.294869999999999663e+02
1.000000000000000000e+00 1.020000000000000018e+00 1.060000000000000053e+00 1.090000000000000080e+00 1.166666666666666741e+00 1.280000000000000027e+00 1.395999999999999908e+00 1.473333333333333384e+00 1.638571428571428568e+00 2.031250000000000000e+00 2.617777777777777981e+00 3.112631578947368638e+00 1.042240000000000038e+02 3.273914285714285484e+02 3.560718181818181733e+02 4.807066666666666492e+02 5.399661538461538157e+02 5.931485714285714721e+02 6.210080000000000382e+02 6.549081250000000409e+02 6.741847058823528869e+02 6.949872222222222717e+02 7.138005263157895115e+02 7.335054999999999836e+02
1.000000000000000000e+00 1.020000000000000018e+00 1.070000000000000062e+00 1.125000000000000000e+00 1.146666666666666723e+00 1.292499999999999982e+00 1.368000000000000105e+00 1.561666666666666758e+00 1.747142857142857109e+00 1.962499999999999911e+00 2.636666666666666714e+00 3.150526315789473841e+00 1.267079999999999984e+02 3.022228571428571513e+02 3.672881818181818403e+02 5.000458333333333485e+02 5.424238461538461706e+02 5.839457142857143026e+02 6.227986666666666906e+02 6.442418750000000500e+02 6.779652941176470904e+02 6.965194444444443889e+02 7.202989473684210679e+02 7.350299999999999727e+02
1.000000000000000000e+00 1.020000000000000018e+00 1.070000000000000062e+00 1.139999999999999902e+00 1.219999999999999973e+00 1.280000000000000027e+00 1.463999999999999968e+00 1.486666666666666581e+00 1.704285714285714182e+00 1.911249999999999893e+00 2.600000000000000089e+00 3.141052631578947540e+00 1.354470000000000027e+02 3.169695238095238210e+02 3.925000000000000000e+02 4.766575000000000273e+02 5.417007692307691968e+02 5.841028571428571468e+02 6.115919999999999845e+02 6.529743750000000091e+02 6.870458823529411347e+02 6.966988888888888596e+02 7.071757894736841763e+02 7.302569999999999482e+02
1.000000000000000000e+00 1.020000000000000018e+00 1.070000000000000062e+00 1.125000000000000000e+00 1.229999999999999982e+00 1.292499999999999982e+00 1.415999999999999925e+00 1.531666666666666732e+00 1.694285714285714395e+00 1.942499999999999893e+00 2.537777777777777910e+00 3.273684210526315752e+00 1.361399999999999864e+02 3.062142857142857224e+02 3.692209090909091174e+02 4.897300000000000182e+02 5.581100000000000136e+02 5.878757142857142526e+02 6.239859999999999900e+02 6.500106250000000045e+02 6.775717647058824014e+02 6.949355555555555384e+02 7.130978947368421359e+02 7.250750000000000455e+02
1.000000000000000000e+00 1.040000000000000036e+00 1.040000000000000036e+00 1.104999999999999982e+00 1.149999999999999911e+00 1.290000000000000036e+00 1.334000000000000075e+00 1.523333333333333428e+00 1.682857142857142829e+00 2.015000000000000124e+00 2.488888888888888928e+00 3.222105263157894584e+00 1.205430000000000064e+02 3.119895238095238028e+02 3.880936363636363353e+02 4.908774999999999977e+02 5.539700000000000273e+02 5.916492857142857247e+02 6.173913333333333640e+02 6.506612499999999955e+02 6.767711764705882160e+02 6.941250000000000000e+02 7.221089473684210134e+02 7.265860000000000127e+02
1.000000000000000000e+00 1.040000000000000036e+00 1.060000000000000053e+00 1.125000000000000000e+00 1.199999999999999956e+00 1.282499999999999973e+00 1.429999999999999938e+00 1.500000000000000000e+00 1.750000000000000000e+00 2.032500000000000195e+00 2.604444444444444340e+00 3.045263157894736672e+00 1.016320000000000050e+02 3.107428571428571331e+02 3.734736363636363876e+02 4.877433333333333394e+02 5.437446153846153720e+02 6.021385714285714812e+02 6.197553333333332830e+02 6.571656249999999773e+02 6.753594117647058965e+02 6.983811111111110677e+02 7.117042105263158192e+02 7.201275000000000546e+02
1.000000000000000000e+00 1.040000000000000036e+00 1.070000000000000062e+00 1.149999999999999911e+00 1.139999999999999902e+00 1.207500000000000018e+00 1.385999999999999899e+00 1.471666666666666679e+00 1.751428571428571335e+00 2.033749999999999947e+00 2.549999999999999822e+00 3.077894736842105239e+00 1.462119999999999891e+02 3.112238095238095070e+02 3.565545454545454618e+02 4.831016666666666879e+02 5.315384615384615472e+02 5.882899999999999636e+02 6.157039999999999509e+02 6.435125000000000455e+02 6.747664705882352791e+02 6.986305555555555884e+02 7.203926315789473165e+02 7.341744999999999663e+02
1.000000000000000000e+00 1.020000000000000018e+00 1.090000000000000080e+00 1.104999999999999982e+00 1.159999999999999920e+00 1.294999999999999929e+00 1.364000000000000101e+00 1.541666666666666741e+00 1.752857142857142891e+00 2.015000000000000124e+00 2.434444444444444411e+00 2.944210526315789611e+00 1.114270000000000067e+02 2.920952380952380736e+02 3.500209090909090719e+02 4.943974999999999795e+02 5.386853846153845780e+02 5.898135714285714357e+02 6.167999999999999545e+02 6.542587499999999636e+02 6.758064705882352428e+02 6.982766666666666424e+02 7.123236842105262667e+02 7.321005000000000109e+02
1.000000000000000000e+00 1.020000000000000018e+00 1.050000000000000044e+00 1.135000000000000009e+00 1.153333333333333321e+00 1.294999999999999929e+00 1.385999999999999899e+00 1.571666666666666767e+00 1.765714285714285792e+00 1.997500000000000053e+00 2.502222222222222126e+00 3.314736842105263204e+00 1.703309999999999889e+02 3.046409523809523989e+02 3.829063636363636647e+02 4.759291666666666742e+02 5.604546153846154084e+02 5.845485714285714494e+02 6.285819999999999936e+02 6.499306249999999636e+02 6.715117647058823422e+02 6.947116666666667015e+02 7.088636842105263440e+02 7.257390000000000327e+02
1.000000000000000000e+00 1.020000000000000018e+00 1.040000000000000036e+00 1.084999999999999964e+00 1.193333333333333357e+00 1.257500000000000062e+00 1.395999999999999908e+00 1.533333333333333437e+00 1.685714285714285721e+00 1.992499999999999938e+00 2.692222222222222072e+00 3.365263157894736956e+00 1.460720000000000027e+02 3.143752380952381031e+02 3.606236363636363649e+02 4.842574999999999932e+02 5.495738461538461479e+02 5.862999999999999545e+02 6.349966666666666697e+02 6.521168750000000500e+02 6.600864705882353292e+02 6.918172222222221990e+02 7.122694736842105385e+02 7.237350000000000136e+02
1.000000000000000000e+00 1.000000000000000000e+00 1.040000000000000036e+00 1.114999999999999991e+00 1.209999999999999964e+00 1.270000000000000018e+00 1.407999999999999918e+00 1.534999999999999920e+00 1.729999999999999982e+00 1.902500000000000080e+00 2.518888888888888733e+00 3.007368421052631469e+00 6.771099999999999852e+01 3.057590476190476352e+02 3.594445454545454481e+02 4.741983333333333235e+02 5.349961538461539021e+02 5.830185714285714766e+02 6.220839999999999463e+02 6.596043750000000045e+02 6.729447058823529915e+02 6.985083333333333258e+02 7.079215789473684026e+02 7.278614999999999782e+02
1.000000000000000000e+00 1.020000000000000018e+00 1.050000000000000044e+00 1.129999999999999893e+00 1.213333333333333375e+00 1.252499999999999947e+00 1.397999999999999909e+00 1.504999999999999893e+00 1.618571428571428550e+00 1.907499999999999973e+00 2.424444444444444624e+00 3.120000000000000107e+00 1.167210000000000036e+02 3.039980952380952317e+02 3.705736363636363535e+02 4.926108333333333462e+02 5.304076923076922867e+02 6.034571428571429124e+02 6.173846666666667033e+02 6.603256249999999454e+02 6.772029411764706310e+02 6.933177777777777919e+02 7.113436842105263622e+02 7.295629999999999882e+02
1.000000000000000000e+00 1.040000000000000036e+00 1.080000000000000071e+00 1.104999999999999982e+00 1.196666666666666767e+00 1.245000000000000107e+00 1.417999999999999927e+00 1.513333333333333419e+00 1.718571428571428639e+00 2.018749999999999822e+00 2.492222222222222339e+00 3.086315789473684124e+00 1.223730000000000047e+02 2.950457142857142685e+02 3.746036363636363831e+02 4.940658333333333303e+02 5.588138461538461570e+02 6.037771428571428487e+02 6.327380000000000564e+02 6.558899999999999864e+02 6.782423529411764775e+02 6.901483333333333121e+02 7.121273684210526653e+02 7.278890000000000100e+02
1.000000000000000000e+00 1.000000000000000000e+00 1.020000000000000018e+00 1.114999999999999991e+00 1.176666666666666750e+00 1.284999999999999920e+00 1.360000000000000098e+00 1.614999999999999991e+00 1.782857142857142918e+00 1.962499999999999911e+00 2.544444444444444287e+00 3.068421052631578938e+00 1.652649999999999864e+02 3.035257142857142867e+02 3.644309090909090969e+02 4.727016666666666538e+02 5.532853846153846007e+02 5.891921428571428123e+02 6.207893333333333885e+02 6.446962499999999636e+02 6.721135294117647163e+02 6.987922222222222217e+02 7.179726315789473574e+02 7.238250000000000455e+02
1.000000000000000000e+00 1.040000000000000036e+00 1.000000000000000000e+00 1.129999999999999893e+00 1.146666666666666723e+00 1.330000000000000071e+00 1.417999999999999927e+00 1.528333333333333321e+00 1.754285714285714226e+00 1.951249999999999929e+00 2.542222222222222161e+00 3.105263157894736725e+00 1.742810000000000059e+02 3.012790476190476170e+02 3.757936363636363808e+02 4.886366666666666561e+02 5.390915384615384482e+02 5.943621428571428851e+02 6.267706666666666706e+02 6.563250000000000455e+02 6.685470588235293690e+02 6.956005555555555020e+02 7.128310526315789275e+02 7.256159999999999854e+02
1.000000000000000000e+00 1.020000000000000018e+00 1.090000000000000080e+00 1.155000000000000027e+00 1.203333333333333366e+00 1.284999999999999920e+00 1.374000000000000110e+00 1.576666666666666661e+00 1.725714285714285756e+00 1.986250000000000071e+00 2.368888888888888822e+00 2.967368421052631433e+00 1.375579999999999927e+02 3.257914285714285825e+02 3.798054545454545519e+02 4.841891666666666652e+02 5.411038461538461206e+02 5.899942857142857520e+02 6.368020000000000209e+02 6.591156250000000227e+02 6.835229411764705674e+02 6.946955555555555293e+02 7.155389473684210770e+02 7.279904999999999973e+02
1.000000000000000000e+00 1.040000000000000036e+00 1.070000000000000062e+00 1.110000000000000098e+00 1.179999999999999938e+00 1.284999999999999920e+00 1.374000000000000110e+00 1.551666666666666750e+00 1.709999999999999964e+00 1.836249999999999938e+00 2.466666666666666785e+00 3.084210526315789291e+00 1.451959999999999980e+02 3.077714285714285438e+02 3.832409090909090992e+02 4.850625000000000000e+02 5.589530769230768783e+02 5.926271428571428714e+02 6.216900000000000546e+02 6.509756250000000364e+02 6.738435294117647345e+02 6.938616666666666788e+02 7.066810526315789502e+02 7.277050000000000409e+02
1.000000000000000000e+00 1.040000000000000036e+00 1.030000000000000027e+00 1.110000000000000098e+00 1.216666666666666563e+00 1.282499999999999973e+00 1.372000000000000108e+00 1.551666666666666750e+00 1.767142857142857126e+00 2.012500000000000178e+00 2.596666666666666679e+00 3.077894736842105239e+00 1.308280000000000030e+02 2.953342857142857270e+02 3.938036363636363717e+02 4.701625000000000227e+02 5.408961538461538794e+02 5.906457142857142344e+02 6.301580000000000155e+02 6.555856250000000500e+02 6.713276470588235725e+02 6.857155555555555111e+02 7.138115789473683890e+02 7.248334999999999582e+02
1.000000000000000000e+00 1.000000000000000000e+00 1.070000000000000062e+00 1.129999999999999893e+00 1.159999999999999920e+00 1.317499999999999893e+00 1.372000000000000108e+00 1.504999999999999893e+00 1.678571428571428603e+00 2.031250000000000000e+00 2.689999999999999947e+00 3.242105263157894601e+00 1.575109999999999957e+02 3.122704761904761881e+02 3.944181818181818358e+02 4.676783333333333417e+02 5.459407692307692059e+02 5.918735714285713811e+02 6.278413333333332957e+02 6.446881250000000136e+02 6.715447058823529005e+02 7.015561111111111359e+02 7.053647368421052306e+02 7.309874999999999545e+02
1.000000000000000000e+00 1.020000000000000018e+00 1.060000000000000053e+00 1.094999999999999973e+00 1.169999999999999929e+00 1.287500000000000089e+00 1.399999999999999911e+00 1.550000000000000044e+00 1.738571428571428656e+00 1.899999999999999911e+00 2.556666666666666643e+00 2.945263157894737027e+00 1.948689999999999998e+02 3.098095238095237960e+02 3.776190909090909145e+02 4.865341666666666924e+02 5.622323076923076997e+02 5.996142857142857565e+02 6.288279999999999745e+02 6.409093749999999545e+02 6.784947058823529460e+02 7.004522222222221899e+02 7.154157894736841854e+02 7.274450000000000500e+02
1.000000000000000000e+00 1.080000000000000071e+00 1.060000000000000053e+00 1.135000000000000009e+00 1.173333333333333339e+00 1.267500000000000071e+00 1.374000000000000110e+00 1.568333333333333357e+00 1.745714285714285774e+00 2.063750000000000195e+00 2.680000000000000160e+00 3.242105263157894601e+00 1.243349999999999937e+02 3.003438095238095116e+02 3.799481818181818085e+02 4.844483333333333235e+02 5.607053846153845598e+02 5.946178571428571331e+02 6.242446666666667170e+02 6.566437499999999545e+02 6.693200000000000500e+02 6.879400000000000546e+02 7.164021052631578641e+02 7.386915000000000191e+02
1.000000000000000000e+00 1.020000000000000018e+00 1.060000000000000053e+00 1.135000000000000009e+00 1.139999999999999902e+00 1.277500000000000080e+00 1.395999999999999908e+00 1.506666666666666599e+00 1.645714285714285685e+00 1.995000000000000107e+00 2.637777777777777999e+00 3.091578947368421204e+00 1.260540000000000020e+02 2.901371428571428623e+02 3.734427272727272680e+02 4.970183333333333167e+02 5.442384615384615927e+02 5.942364285714285188e+02 6.170913333333332957e+02 6.484724999999999682e+02 6.631911764705882888e+02 6.846200000000000045e+02 7.040815789473683708e+02 7.323360000000000127e+02
