7.000000000000000000e+00 4.620000000000000107e+00 4.250000000000000000e+00 6.304999999999999716e+00 1.075666666666666593e+01 4.393924999999999841e+02 5.337100000000000364e+02 5.521200000000000045e+02 5.827357142857142662e+02 6.247687499999999545e+02 6.334411111111111268e+02 6.220547368421052852e+02 6.227989999999999782e+02 6.369914285714286279e+02 6.456454545454545269e+02 6.352916666666666288e+02 6.450469230769231217e+02 6.549464285714285552e+02 6.518640000000000327e+02 6.542781250000000455e+02 6.625294117647058556e+02 6.481238888888889278e+02 6.612278947368421314e+02 6.856319999999999482e+02
1.000000000000000000e+01 3.620000000000000107e+00 4.839999999999999858e+00 4.660000000000000142e+00 1.150333333333333385e+01 4.480450000000000159e+02 5.304120000000000346e+02 5.287083333333333712e+02 5.592314285714285234e+02 6.184387500000000273e+02 5.918977777777778329e+02 6.059105263157895251e+02 6.216449999999999818e+02 6.426866666666666106e+02 6.336572727272726979e+02 6.423550000000000182e+02 6.647646153846153538e+02 6.561457142857142344e+02 6.447586666666666133e+02 6.579950000000000045e+02 6.642794117647058556e+02 6.631299999999999955e+02 6.499068421052631948e+02 6.421124999999999545e+02
1.000000000000000000e+00 3.439999999999999947e+00 4.580000000000000071e+00 5.519999999999999574e+00 1.139666666666666650e+01 4.297574999999999932e+02 4.872420000000000186e+02 5.674016666666666424e+02 5.780342857142857156e+02 6.191962499999999636e+02 5.940566666666666151e+02 6.424073684210526380e+02 6.174470000000000027e+02 6.076152380952380554e+02 6.422418181818181893e+02 6.458683333333333394e+02 6.542530769230769465e+02 6.790142857142857338e+02 6.601246666666667124e+02 6.721037499999999909e+02 6.594652941176470904e+02 6.754422222222221990e+02 6.691789473684210634e+02 6.656299999999999955e+02
1.000000000000000000e+00 3.200000000000000178e+00 3.220000000000000195e+00 6.690000000000000391e+00 4.125333333333333030e+01 3.876999999999999886e+02 5.131499999999999773e+02 5.654283333333332848e+02 6.198785714285713766e+02 5.902512500000000273e+02 6.073200000000000500e+02 6.351347368421052124e+02 6.455529999999999973e+02 6.302799999999999727e+02 6.519390909090909645e+02 6.460125000000000455e+02 6.685138461538462025e+02 6.483414285714285370e+02 6.682960000000000491e+02 6.570093749999999773e+02 6.736000000000000227e+02 6.755155555555555793e+02 6.577231578947368007e+02 6.610480000000000018e+02
4.000000000000000000e+00 3.979999999999999982e+00 3.770000000000000018e+00 5.219999999999999751e+00 1.621000000000000085e+01 3.813224999999999909e+02 5.482619999999999436e+02 5.386183333333333394e+02 5.798700000000000045e+02 6.016862499999999727e+02 6.188466666666666924e+02 6.206936842105262713e+02 6.128659999999999854e+02 6.160695238095238437e+02 6.366163636363636442e+02 6.228958333333333712e+02 6.381261538461538976e+02 6.767250000000000227e+02 6.541473333333333358e+02 6.556462500000000091e+02 6.502064705882353337e+02 6.465833333333333712e+02 6.804047368421053079e+02 6.585275000000000318e+02
1.000000000000000000e+00 4.559999999999999609e+00 3.560000000000000053e+00 4.644999999999999574e+00 8.373333333333333073e+00 4.001899999999999977e+02 5.207419999999999618e+02 5.362283333333333530e+02 5.436599999999999682e+02 5.998125000000000000e+02 6.295455555555555520e+02 6.474947368421052261e+02 6.115860000000000127e+02 6.289380952380952294e+02 6.407136363636363967e+02 6.386050000000000182e+02 6.469930769230769556e+02 6.504571428571429124e+02 6.599980000000000473e+02 6.566987500000000182e+02 6.693952941176470404e+02 6.926783333333332848e+02 6.669384210526316110e+02 6.678155000000000427e+02
2.000000000000000000e+00 3.560000000000000053e+00 3.830000000000000071e+00 5.155000000000000249e+00 1.038666666666666671e+01 4.879350000000000023e+02 5.091000000000000227e+02 5.328400000000000318e+02 5.738999999999999773e+02 6.013099999999999454e+02 6.137888888888888914e+02 6.068073684210526153e+02 6.349759999999999991e+02 6.299895238095238028e+02 6.536672727272726888e+02 6.375800000000000409e+02 6.540415384615384937e+02 6.288092857142856928e+02 6.611953333333333376e+02 6.514287500000000364e+02 6.797017647058823968e+02 6.715883333333333667e+02 6.690010526315790003e+02 6.709325000000000045e+02
2.000000000000000000e+00 4.019999999999999574e+00 4.419999999999999929e+00 4.910000000000000142e+00 7.663333333333333108e+00 3.833100000000000023e+02 5.429700000000000273e+02 5.997216666666666924e+02 5.937257142857142753e+02 6.159700000000000273e+02 6.187777777777778283e+02 6.113326315789473711e+02 6.060940000000000509e+02 6.423799999999999955e+02 6.480454545454545041e+02 6.510058333333333849e+02 6.219076923076922867e+02 6.484771428571428942e+02 6.417313333333332821e+02 6.516131249999999682e+02 6.554329411764705355e+02 6.615449999999999591e+02 6.680294736842105294e+02 6.647179999999999609e+02
1.000000000000000000e+00 3.180000000000000160e+00 4.500000000000000000e+00 4.905000000000000249e+00 8.763333333333333641e+00 4.398299999999999841e+02 5.028799999999999955e+02 5.587866666666666333e+02 5.600671428571428123e+02 5.999249999999999545e+02 6.046799999999999500e+02 6.138947368421053170e+02 6.284470000000000027e+02 6.428914285714286052e+02 6.370209090909090719e+02 6.538808333333333849e+02 6.347576923076923094e+02 6.533049999999999500e+02 6.552740000000000009e+02 6.641756249999999682e+02 6.632576470588235225e+02 6.540700000000000500e+02 6.639510526315789321e+02 6.756955000000000382e+02
2.000000000000000000e+00 3.879999999999999893e+00 4.639999999999999680e+00 5.610000000000000320e+00 7.070000000000000284e+00 4.257099999999999795e+02 5.268279999999999745e+02 5.718450000000000273e+02 6.105185714285714766e+02 6.118087500000000318e+02 6.351811111111111359e+02 6.153336842105263713e+02 6.243260000000000218e+02 6.213514285714285279e+02 6.435609090909090355e+02 6.585475000000000136e+02 6.582107692307691877e+02 6.554442857142856838e+02 6.757266666666666879e+02 6.421224999999999454e+02 6.845976470588235543e+02 6.554822222222222763e+02 6.601168421052631174e+02 6.702725000000000364e+02
2.000000000000000000e+00 3.620000000000000107e+00 3.890000000000000124e+00 4.500000000000000000e+00 8.699999999999999289e+00 3.663374999999999773e+02 5.416159999999999854e+02 5.504633333333333667e+02 5.760828571428571649e+02 6.092174999999999727e+02 6.003933333333333167e+02 6.199442105263158282e+02 5.926860000000000355e+02 6.453304761904762472e+02 6.143527272727272930e+02 6.463224999999999909e+02 6.199453846153845689e+02 6.558257142857142981e+02 6.591613333333333458e+02 6.321499999999999773e+02 6.816388235294117521e+02 6.527488888888889278e+02 6.700694736842104930e+02 6.762859999999999445e+02
5.000000000000000000e+00 3.839999999999999858e+00 3.839999999999999858e+00 5.500000000000000000e+00 9.980000000000000426e+00 4.337649999999999864e+02 4.884100000000000250e+02 5.652433333333333394e+02 5.789114285714285870e+02 6.158162499999999682e+02 6.119855555555556066e+02 6.278042105263158419e+02 6.289059999999999491e+02 6.303238095238094729e+02 6.546827272727272202e+02 6.526316666666666606e+02 6.487276923076923367e+02 6.610285714285714675e+02 6.815879999999999654e+02 6.552156250000000455e+02 6.729064705882352655e+02 6.616649999999999636e+02 6.402578947368421041e+02 6.626219999999999573e+02
2.000000000000000000e+00 3.479999999999999982e+00 4.019999999999999574e+00 4.690000000000000391e+00 8.456666666666666998e+00 4.181324999999999932e+02 5.029399999999999977e+02 5.504283333333332848e+02 5.934314285714285688e+02 5.812137500000000045e+02 6.276111111111110858e+02 6.478231578947368234e+02 6.063519999999999754e+02 6.401809523809523625e+02 6.552836363636363330e+02 6.479116666666666333e+02 6.489153846153845961e+02 6.519771428571428942e+02 6.415599999999999454e+02 6.687837500000000546e+02 6.766411764705882206e+02 6.501566666666666379e+02 7.026584210526315246e+02 6.652380000000000564e+02
1.000000000000000000e+00 3.240000000000000213e+00 4.059999999999999609e+00 4.665000000000000036e+00 6.963333333333332931e+00 3.734424999999999955e+02 4.815380000000000109e+02 5.455399999999999636e+02 5.938642857142857565e+02 6.020950000000000273e+02 5.960277777777778283e+02 6.246694736842105158e+02 6.301810000000000400e+02 6.127542857142857429e+02 6.222118181818182165e+02 6.492383333333333439e+02 6.540369230769231308e+02 6.518700000000000045e+02 6.745846666666666351e+02 6.333887499999999591e+02 6.673305882352941580e+02 6.553388888888888459e+02 6.747252631578946875e+02 6.771399999999999864e+02
2.000000000000000000e+00 2.839999999999999858e+00 4.320000000000000284e+00 5.334999999999999964e+00 9.763333333333333641e+00 4.029925000000000068e+02 5.018179999999999836e+02 5.796900000000000546e+02 5.746214285714286234e+02 6.092012499999999591e+02 6.252233333333333576e+02 6.098547368421052397e+02 6.360929999999999609e+02 6.295409523809523762e+02 6.265127272727272612e+02 6.373633333333333439e+02 6.457746153846153447e+02 6.478049999999999500e+02 6.750080000000000382e+02 6.302056250000000546e+02 6.821676470588234906e+02 6.499750000000000227e+02 6.695684210526316065e+02 6.611335000000000264e+02
1.000000000000000000e+00 4.259999999999999787e+00 4.290000000000000036e+00 4.575000000000000178e+00 1.650333333333333385e+01 3.864024999999999750e+02 4.923639999999999759e+02 5.478983333333333121e+02 5.974414285714285597e+02 6.066050000000000182e+02 6.261722222222222172e+02 6.258210526315789366e+02 6.264199999999999591e+02 6.295638095238094820e+02 6.087209090909091174e+02 6.480016666666666652e+02 6.119261538461538521e+02 6.367699999999999818e+02 6.573606666666667024e+02 6.845518749999999955e+02 6.733905882352941035e+02 6.719877777777777510e+02 6.800968421052631356e+02 6.651005000000000109e+02
5.000000000000000000e+00 3.100000000000000089e+00 4.480000000000000426e+00 4.980000000000000426e+00 1.187333333333333307e+01 3.936899999999999977e+02 5.215220000000000482e+02 5.442133333333333667e+02 5.533457142857142799e+02 6.125262500000000045e+02 6.088066666666666151e+02 5.943526315789473529e+02 6.356449999999999818e+02 6.404619047619047478e+02 6.306572727272726979e+02 6.861966666666667152e+02 6.379676923076923458e+02 6.321900000000000546e+02 6.683073333333333039e+02 6.488025000000000091e+02 6.582000000000000455e+02 6.562661111111110586e+02 6.654063157894736378e+02 6.507804999999999609e+02
1.000000000000000000e+00 3.779999999999999805e+00 3.850000000000000089e+00 5.794999999999999929e+00 1.200666666666666593e+01 4.693174999999999955e+02 4.747740000000000009e+02 5.765466666666666242e+02 5.895800000000000409e+02 5.960212500000000091e+02 6.329188888888888869e+02 6.277305263157894615e+02 6.235969999999999800e+02 6.354552380952380872e+02 6.477681818181818016e+02 6.494258333333333439e+02 6.603899999999999864e+02 6.244335714285714403e+02 6.595166666666666515e+02 6.458431249999999864e+02 6.654535294117647481e+02 6.690188888888889096e+02 6.677394736842105658e+02 6.820030000000000427e+02
1.000000000000000000e+00 3.660000000000000142e+00 4.030000000000000249e+00 4.740000000000000213e+00 8.483333333333332504e+00 3.799825000000000159e+02 5.214080000000000155e+02 5.483266666666667106e+02 5.734800000000000182e+02 6.098975000000000364e+02 6.310677777777777919e+02 6.173168421052631629e+02 6.235539999999999736e+02 6.166809523809523625e+02 6.490445454545454140e+02 6.443808333333333849e+02 6.358669230769230580e+02 6.508142857142856883e+02 6.636926666666666961e+02 6.743799999999999955e+02 6.674694117647059102e+02 6.842316666666666833e+02 6.721536842105263077e+02 6.684004999999999654e+02
1.000000000000000000e+00 3.379999999999999893e+00 4.700000000000000178e+00 5.285000000000000142e+00 7.983333333333333393e+00 3.297574999999999932e+02 4.410000000000000000e+02 5.496933333333333849e+02 5.842714285714286007e+02 6.057825000000000273e+02 6.116466666666666470e+02 6.165694736842104930e+02 6.174519999999999982e+02 6.283257142857142981e+02 6.004690909090909372e+02 6.142091666666666470e+02 6.650946153846153948e+02 6.483064285714285688e+02 6.608413333333332957e+02 6.575368750000000091e+02 6.748247058823529869e+02 6.548383333333333667e+02 6.589373684210526108e+02 6.752390000000000327e+02
1.000000000000000000e+00 2.779999999999999805e+00 3.640000000000000124e+00 4.924999999999999822e+00 9.859999999999999432e+00 3.820475000000000136e+02 5.014399999999999977e+02 5.529266666666666197e+02 5.866971428571428078e+02 6.146974999999999909e+02 6.106144444444444161e+02 6.231326315789473256e+02 6.280049999999999955e+02 6.455466666666666242e+02 6.316827272727272202e+02 6.325258333333333667e+02 6.375876923076923504e+02 6.437400000000000091e+02 6.709526666666666870e+02 6.551806249999999636e+02 6.688494117647059056e+02 6.513605555555556066e+02 6.832368421052631220e+02 6.627169999999999845e+02
4.000000000000000000e+00 2.879999999999999893e+00 3.359999999999999876e+00 5.530000000000000249e+00 1.492999999999999972e+01 4.288050000000000068e+02 5.189239999999999782e+02 5.418250000000000455e+02 5.591371428571428623e+02 6.178537499999999909e+02 5.955588888888888732e+02 6.196747368421052897e+02 6.259859999999999900e+02 6.354095238095237619e+02 6.363436363636363922e+02 6.582749999999999773e+02 6.625123076923076724e+02 6.642235714285714039e+02 6.667999999999999545e+02 6.531449999999999818e+02 6.560670588235294645e+02 6.650177777777777237e+02 6.633715789473684481e+02 6.869494999999999436e+02
2.000000000000000000e+00 3.279999999999999805e+00 3.660000000000000142e+00 5.450000000000000178e+00 9.883333333333332860e+00 4.375799999999999841e+02 4.835059999999999718e+02 5.413700000000000045e+02 5.874685714285714084e+02 5.834774999999999636e+02 6.285055555555555884e+02 6.300926315789473620e+02 6.286130000000000564e+02 6.461628571428570922e+02 6.631599999999999682e+02 6.511150000000000091e+02 6.412061538461538248e+02 6.523450000000000273e+02 6.479719999999999800e+02 6.543981250000000500e+02 6.725635294117647618e+02 6.719027777777778283e+02 6.551221052631578914e+02 6.605625000000000000e+02
6.000000000000000000e+00 3.000000000000000000e+00 3.330000000000000071e+00 5.509999999999999787e+00 1.011666666666666714e+01 4.477699999999999818e+02 4.664060000000000059e+02 5.677833333333333030e+02 5.944942857142857520e+02 5.938287500000000136e+02 6.005977777777777646e+02 6.238136842105262758e+02 6.407949999999999591e+02 6.285247619047619310e+02 6.284754545454545678e+02 6.304941666666666151e+02 6.522238461538461252e+02 6.539892857142857565e+02 6.611846666666666579e+02 6.536649999999999636e+02 6.664929411764705947e+02 6.640105555555555839e+02 6.570652631578947194e+02 6.704294999999999618e+02
2.000000000000000000e+00 3.419999999999999929e+00 4.250000000000000000e+00 4.665000000000000036e+00 8.086666666666666003e+00 4.457049999999999841e+02 5.002620000000000005e+02 5.842150000000000318e+02 5.875199999999999818e+02 6.255212500000000091e+02 6.077400000000000091e+02 6.438999999999999773e+02 6.531050000000000182e+02 6.247190476190476147e+02 6.534454545454545951e+02 6.397699999999999818e+02 6.379038461538461888e+02 6.442542857142857429e+02 6.734840000000000373e+02 6.619318749999999909e+02 6.697764705882352700e+02 6.673488888888888368e+02 6.574294736842105067e+02 6.793585000000000491e+02
