1.000000000000000000e+00 1.000000000000000000e+00 1.060000000000000053e+00 1.094999999999999973e+00 1.216666666666666563e+00 1.270000000000000018e+00 1.439999999999999947e+00 1.550000000000000044e+00 1.681428571428571495e+00 2.051250000000000018e+00 2.587777777777777732e+00 3.409473684210526212e+00 1.736899999999999977e+02 2.871361904761904498e+02 3.777872727272727502e+02 4.459599999999999795e+02 5.071346153846153584e+02 5.545564285714285688e+02 6.162680000000000291e+02 6.322281249999999773e+02 6.723999999999999773e+02 6.921311111111110677e+02 7.079584210526315928e+02 7.189859999999999900e+02
1.000000000000000000e+00 1.040000000000000036e+00 1.100000000000000089e+00 1.120000000000000107e+00 1.169999999999999929e+00 1.264999999999999902e+00 1.366000000000000103e+00 1.486666666666666581e+00 1.702857142857142847e+00 2.020000000000000018e+00 2.473333333333333162e+00 3.243157894736842017e+00 1.208080000000000069e+02 2.984609523809523921e+02 3.783118181818181824e+02 4.599325000000000045e+02 5.230384615384615472e+02 5.643771428571428714e+02 6.148406666666667206e+02 6.428112499999999727e+02 6.708594117647058965e+02 6.842638888888889142e+02 7.173131578947368325e+02 7.298484999999999445e+02
1.000000000000000000e+00 1.040000000000000036e+00 1.040000000000000036e+00 1.070000000000000062e+00 1.176666666666666750e+00 1.242499999999999938e+00 1.348000000000000087e+00 1.530000000000000027e+00 1.689999999999999947e+00 2.089999999999999858e+00 2.475555555555555731e+00 3.305263157894736903e+00 1.630759999999999934e+02 3.204399999999999977e+02 3.789136363636363853e+02 4.507408333333333417e+02 5.077292307692307531e+02 5.726142857142857565e+02 6.046599999999999682e+02 6.383668750000000500e+02 6.574370588235293553e+02 6.926105555555556066e+02 7.029557894736842627e+02 7.227469999999999573e+02
1.000000000000000000e+00 1.020000000000000018e+00 1.060000000000000053e+00 1.139999999999999902e+00 1.149999999999999911e+00 1.237500000000000044e+00 1.374000000000000110e+00 1.489999999999999991e+00 1.738571428571428656e+00 1.996250000000000080e+00 2.468888888888888911e+00 3.083157894736842319e+00 8.873000000000000398e+01 3.116923809523809723e+02 3.803863636363636260e+02 4.523141666666666652e+02 5.075576923076923208e+02 5.623250000000000455e+02 6.048393333333333430e+02 6.419800000000000182e+02 6.642276470588235497e+02 6.982666666666666515e+02 7.053868421052632129e+02 7.307939999999999827e+02
1.000000000000000000e+00 1.040000000000000036e+00 1.040000000000000036e+00 1.080000000000000071e+00 1.183333333333333348e+00 1.272499999999999964e+00 1.344000000000000083e+00 1.513333333333333419e+00 1.742857142857142883e+00 1.982499999999999929e+00 2.594444444444444553e+00 3.181052631578947576e+00 1.468520000000000039e+02 2.967695238095238324e+02 3.720909090909090651e+02 4.496850000000000023e+02 5.032430769230768988e+02 5.713292857142856747e+02 6.055180000000000291e+02 6.504868750000000546e+02 6.661923529411765230e+02 6.917277777777777601e+02 7.028563157894736833e+02 7.241929999999999836e+02
1.000000000000000000e+00 1.080000000000000071e+00 1.040000000000000036e+00 1.100000000000000089e+00 1.203333333333333366e+00 1.304999999999999938e+00 1.356000000000000094e+00 1.518333333333333313e+00 1.752857142857142891e+00 2.055000000000000160e+00 2.674444444444444624e+00 3.141052631578947540e+00 1.585929999999999893e+02 3.129171428571428351e+02 3.816881818181818176e+02 4.547699999999999818e+02 5.094315384615384801e+02 5.852949999999999591e+02 6.003893333333332976e+02 6.461081249999999727e+02 6.596358823529411666e+02 6.950072222222222535e+02 7.003484210526315792e+02 7.237595000000000027e+02
1.000000000000000000e+00 1.020000000000000018e+00 1.020000000000000018e+00 1.100000000000000089e+00 1.166666666666666741e+00 1.270000000000000018e+00 1.415999999999999925e+00 1.603333333333333277e+00 1.701428571428571512e+00 2.049999999999999822e+00 2.551111111111111107e+00 3.363157894736842124e+00 1.316750000000000114e+02 3.104685714285714084e+02 3.658709090909090946e+02 4.521741666666666788e+02 5.081915384615384710e+02 5.766914285714285597e+02 6.123680000000000518e+02 6.410487500000000409e+02 6.628658823529411848e+02 6.917477777777777419e+02 7.071421052631578732e+02 7.221715000000000373e+02
1.000000000000000000e+00 1.020000000000000018e+00 1.020000000000000018e+00 1.094999999999999973e+00 1.176666666666666750e+00 1.280000000000000027e+00 1.375999999999999890e+00 1.560000000000000053e+00 1.741428571428571326e+00 1.991249999999999964e+00 2.609999999999999876e+00 3.304210526315789487e+00 1.099129999999999967e+02 3.187847619047619219e+02 3.922054545454545291e+02 4.548374999999999773e+02 5.303115384615384755e+02 5.695178571428571104e+02 6.029439999999999600e+02 6.316475000000000364e+02 6.654682352941176759e+02 6.785744444444444525e+02 7.069815789473684617e+02 7.295760000000000218e+02
1.000000000000000000e+00 1.020000000000000018e+00 1.080000000000000071e+00 1.125000000000000000e+00 1.186666666666666758e+00 1.217500000000000027e+00 1.370000000000000107e+00 1.526666666666666616e+00 1.638571428571428568e+00 1.971249999999999947e+00 2.632222222222222019e+00 3.064210526315789274e+00 1.599159999999999968e+02 2.988466666666666924e+02 3.542609090909090810e+02 4.463483333333333576e+02 5.133815384615384119e+02 5.765257142857142298e+02 6.184846666666666124e+02 6.439600000000000364e+02 6.696599999999999682e+02 6.935927777777777692e+02 7.077652631578947648e+02 7.313065000000000282e+02
1.000000000000000000e+00 1.040000000000000036e+00 1.090000000000000080e+00 1.169999999999999929e+00 1.183333333333333348e+00 1.282499999999999973e+00 1.362000000000000099e+00 1.506666666666666599e+00 1.729999999999999982e+00 2.138749999999999929e+00 2.427777777777777590e+00 3.172631578947368247e+00 1.180199999999999960e+02 3.045561904761904657e+02 3.612454545454545496e+02 4.519616666666666447e+02 5.248684615384615881e+02 5.588585714285713948e+02 6.123680000000000518e+02 6.432599999999999909e+02 6.683994117647058602e+02 6.872583333333333258e+02 7.041942105263158282e+02 7.261810000000000400e+02
1.000000000000000000e+00 1.000000000000000000e+00 1.030000000000000027e+00 1.129999999999999893e+00 1.176666666666666750e+00 1.277500000000000080e+00 1.364000000000000101e+00 1.554999999999999938e+00 1.721428571428571530e+00 2.044999999999999929e+00 2.645555555555555660e+00 3.381052631578947310e+00 1.636949999999999932e+02 3.168276190476190664e+02 3.645636363636363626e+02 4.440066666666666606e+02 5.079315384615384801e+02 5.790578571428571877e+02 6.028700000000000045e+02 6.373643749999999955e+02 6.665423529411764321e+02 6.936000000000000227e+02 7.056794736842105067e+02 7.275354999999999563e+02
1.000000000000000000e+00 1.040000000000000036e+00 1.040000000000000036e+00 1.129999999999999893e+00 1.183333333333333348e+00 1.260000000000000009e+00 1.360000000000000098e+00 1.583333333333333259e+00 1.747142857142857109e+00 2.064999999999999947e+00 2.468888888888888911e+00 3.037894736842105203e+00 1.648520000000000039e+02 3.029752380952380690e+02 3.729609090909090696e+02 4.536675000000000182e+02 5.069046153846153970e+02 5.674535714285714221e+02 6.039013333333333549e+02 6.336699999999999591e+02 6.709382352941177032e+02 6.915416666666666288e+02 7.076589473684210816e+02 7.272585000000000264e+02
1.000000000000000000e+00 1.020000000000000018e+00 1.060000000000000053e+00 1.139999999999999902e+00 1.129999999999999893e+00 1.282499999999999973e+00 1.385999999999999899e+00 1.455000000000000071e+00 1.652857142857142803e+00 1.935000000000000053e+00 2.617777777777777981e+00 3.193684210526315681e+00 1.370529999999999973e+02 2.980057142857143049e+02 3.598518181818182029e+02 4.681766666666666765e+02 5.211753846153845871e+02 5.523028571428571922e+02 6.044113333333333458e+02 6.385449999999999591e+02 6.652394117647058920e+02 6.886283333333333303e+02 7.040410526315789639e+02 7.305235000000000127e+02
1.000000000000000000e+00 1.040000000000000036e+00 1.060000000000000053e+00 1.139999999999999902e+00 1.183333333333333348e+00 1.267500000000000071e+00 1.340000000000000080e+00 1.536666666666666625e+00 1.697142857142857064e+00 1.956250000000000044e+00 2.497777777777777874e+00 3.052631578947368585e+00 1.743439999999999941e+02 3.177104761904761858e+02 3.618409090909090651e+02 4.494424999999999955e+02 5.145030769230769465e+02 5.774364285714285643e+02 6.095599999999999454e+02 6.282649999999999864e+02 6.720552941176470085e+02 6.876672222222222217e+02 7.017789473684210861e+02 7.233374999999999773e+02
1.000000000000000000e+00 1.020000000000000018e+00 1.060000000000000053e+00 1.100000000000000089e+00 1.209999999999999964e+00 1.340000000000000080e+00 1.401999999999999913e+00 1.446666666666666767e+00 1.731428571428571539e+00 1.935000000000000053e+00 2.541111111111111320e+00 3.281052631578947221e+00 1.286040000000000134e+02 3.084657142857142844e+02 3.657936363636363808e+02 4.555708333333333258e+02 5.157684615384615654e+02 5.681464285714286007e+02 6.207153333333333194e+02 6.533250000000000455e+02 6.692864705882352609e+02 6.824961111111110768e+02 7.138463157894736923e+02 7.159995000000000118e+02
1.000000000000000000e+00 1.040000000000000036e+00 1.040000000000000036e+00 1.104999999999999982e+00 1.179999999999999938e+00 1.264999999999999902e+00 1.360000000000000098e+00 1.510000000000000009e+00 1.702857142857142847e+00 2.027499999999999858e+00 2.626666666666666483e+00 3.088421052631578956e+00 1.449869999999999948e+02 3.139485714285714266e+02 3.596954545454545382e+02 4.524058333333333053e+02 4.934399999999999977e+02 5.611950000000000500e+02 6.090326666666666142e+02 6.432043750000000273e+02 6.704564705882353337e+02 6.930549999999999500e+02 7.120110526315789912e+02 7.279260000000000446e+02
1.000000000000000000e+00 1.060000000000000053e+00 1.060000000000000053e+00 1.120000000000000107e+00 1.149999999999999911e+00 1.235000000000000098e+00 1.431999999999999940e+00 1.523333333333333428e+00 1.728571428571428648e+00 1.991249999999999964e+00 2.522222222222222143e+00 3.284210526315789469e+00 1.690689999999999884e+02 3.089942857142856951e+02 3.717727272727272521e+02 4.477925000000000182e+02 5.174584615384615063e+02 5.593835714285713721e+02 5.929586666666666588e+02 6.290268750000000182e+02 6.673388235294117976e+02 6.867627777777777283e+02 7.029921052631578959e+02 7.252590000000000146e+02
1.000000000000000000e+00 1.000000000000000000e+00 1.030000000000000027e+00 1.084999999999999964e+00 1.219999999999999973e+00 1.287500000000000089e+00 1.403999999999999915e+00 1.546666666666666634e+00 1.637142857142857233e+00 2.001250000000000195e+00 2.558888888888888768e+00 3.047368421052631504e+00 1.252229999999999990e+02 2.966352380952380940e+02 3.677063636363636192e+02 4.653600000000000136e+02 4.991046153846153857e+02 5.513128571428571831e+02 6.160059999999999718e+02 6.429562499999999545e+02 6.676452941176470404e+02 6.987933333333332939e+02 7.003452631578946921e+02 7.238269999999999982e+02
1.000000000000000000e+00 1.020000000000000018e+00 1.070000000000000062e+00 1.074999999999999956e+00 1.213333333333333375e+00 1.257500000000000062e+00 1.352000000000000091e+00 1.523333333333333428e+00 1.728571428571428648e+00 2.041249999999999787e+00 2.394444444444444375e+00 3.348421052631578743e+00 1.272000000000000028e+02 3.112400000000000091e+02 3.755572727272727320e+02 4.617666666666666515e+02 5.021438461538461411e+02 5.541571428571428442e+02 6.072286666666666406e+02 6.356193749999999909e+02 6.736094117647058965e+02 7.010022222222222581e+02 7.167757894736841990e+02 7.213055000000000518e+02
1.000000000000000000e+00 1.040000000000000036e+00 1.040000000000000036e+00 1.104999999999999982e+00 1.216666666666666563e+00 1.307500000000000107e+00 1.324000000000000066e+00 1.524999999999999911e+00 1.651428571428571468e+00 1.991249999999999964e+00 2.422222222222222054e+00 3.220000000000000195e+00 2.016349999999999909e+02 3.222838095238095093e+02 3.725027272727272702e+02 4.488258333333333212e+02 5.066561538461538703e+02 5.724285714285714448e+02 6.003233333333333803e+02 6.347256250000000364e+02 6.584900000000000091e+02 6.808244444444444525e+02 7.081210526315788911e+02 7.237100000000000364e+02
1.000000000000000000e+00 1.000000000000000000e+00 1.030000000000000027e+00 1.110000000000000098e+00 1.179999999999999938e+00 1.330000000000000071e+00 1.419999999999999929e+00 1.540000000000000036e+00 1.667142857142857038e+00 2.084999999999999964e+00 2.427777777777777590e+00 3.161052631578947558e+00 1.192690000000000055e+02 2.875485714285714494e+02 3.761845454545454572e+02 4.485408333333333530e+02 5.040615384615384755e+02 5.644735714285714039e+02 6.101786666666666861e+02 6.453087500000000318e+02 6.570794117647059238e+02 6.837633333333333212e+02 7.113463157894736923e+02 7.260929999999999609e+02
1.000000000000000000e+00 1.020000000000000018e+00 1.060000000000000053e+00 1.090000000000000080e+00 1.113333333333333286e+00 1.300000000000000044e+00 1.431999999999999940e+00 1.521666666666666723e+00 1.734285714285714208e+00 2.018749999999999822e+00 2.379999999999999893e+00 3.090526315789473788e+00 1.419029999999999916e+02 2.984866666666666788e+02 3.812500000000000000e+02 4.592416666666666742e+02 5.148753846153846325e+02 5.625328571428570967e+02 6.037273333333333767e+02 6.424943749999999909e+02 6.731588235294117339e+02 6.880505555555555475e+02 7.117657894736842081e+02 7.226169999999999618e+02
1.000000000000000000e+00 1.000000000000000000e+00 1.030000000000000027e+00 1.125000000000000000e+00 1.193333333333333357e+00 1.264999999999999902e+00 1.358000000000000096e+00 1.534999999999999920e+00 1.717142857142857082e+00 1.863750000000000018e+00 2.367777777777777981e+00 2.846315789473684355e+00 9.695799999999999841e+01 3.149342857142856928e+02 3.529463636363636283e+02 4.538858333333333235e+02 5.124038461538461888e+02 5.756378571428571149e+02 6.125766666666667106e+02 6.442731250000000500e+02 6.565352941176470267e+02 6.819299999999999500e+02 7.156073684210526835e+02 7.291200000000000045e+02
1.000000000000000000e+00 1.040000000000000036e+00 1.050000000000000044e+00 1.135000000000000009e+00 1.153333333333333321e+00 1.270000000000000018e+00 1.368000000000000105e+00 1.574999999999999956e+00 1.695714285714285730e+00 2.081249999999999822e+00 2.681111111111111001e+00 3.074736842105262991e+00 1.705060000000000002e+02 3.031533333333333076e+02 3.802554545454545405e+02 4.465491666666666788e+02 5.089915384615384824e+02 5.696657142857143299e+02 6.043733333333333348e+02 6.427962499999999864e+02 6.668870588235294008e+02 6.852144444444444389e+02 7.155857894736842582e+02 7.284410000000000309e+02
1.000000000000000000e+00 1.000000000000000000e+00 1.040000000000000036e+00 1.120000000000000107e+00 1.203333333333333366e+00 1.267500000000000071e+00 1.368000000000000105e+00 1.524999999999999911e+00 1.699999999999999956e+00 1.976250000000000062e+00 2.459999999999999964e+00 2.939999999999999947e+00 1.604350000000000023e+02 2.973495238095238165e+02 3.709190909090909258e+02 4.464741666666666902e+02 4.967523076923076815e+02 5.631285714285713766e+02 6.000499999999999545e+02 6.355962500000000546e+02 6.718129411764706447e+02 6.921483333333333121e+02 7.075694736842104930e+02 7.181180000000000518e+02
