1.000000000000000000e+00 2.060000000000000053e+00 2.399999999999999911e+00 2.555000000000000160e+00 2.640000000000000124e+00 3.542499999999999982e+00 5.032000000000000028e+00 7.419999999999999929e+00 3.328100000000000023e+02 4.346700000000000159e+02 4.637377777777777510e+02 4.693684210526315610e+02 4.576720000000000255e+02 4.472571428571428669e+02 4.846754545454545564e+02 4.868108333333333348e+02 4.840761538461538294e+02 4.954421428571428692e+02 4.960873333333333335e+02 6.224187500000000455e+02 6.399247058823528960e+02 6.757027777777777828e+02 6.987726315789473119e+02 7.257880000000000109e+02
1.000000000000000000e+00 2.459999999999999964e+00 2.140000000000000124e+00 2.830000000000000071e+00 2.879999999999999893e+00 3.970000000000000195e+00 4.168000000000000149e+00 2.634150000000000205e+02 3.573257142857142981e+02 4.386899999999999977e+02 4.269977777777777987e+02 4.377189473684210270e+02 4.427370000000000232e+02 4.533971428571428532e+02 4.423263636363636238e+02 4.582416666666666742e+02 4.687884615384615472e+02 4.687278571428571468e+02 5.031419999999999959e+02 5.836612499999999955e+02 6.551752941176470131e+02 6.752444444444444116e+02 7.034452631578947148e+02 7.208229999999999791e+02
2.000000000000000000e+00 2.220000000000000195e+00 2.180000000000000160e+00 2.640000000000000124e+00 2.830000000000000071e+00 3.537500000000000089e+00 4.551999999999999602e+00 2.484633333333333383e+02 3.541528571428571581e+02 3.836312500000000227e+02 4.466133333333333439e+02 4.401663157894736855e+02 4.549889999999999759e+02 4.546057142857142708e+02 4.578972727272727070e+02 4.911291666666666629e+02 4.930538461538461661e+02 4.882257142857142753e+02 4.899533333333333189e+02 6.068812500000000227e+02 6.424476470588235770e+02 6.889777777777777601e+02 7.066478947368420904e+02 7.241345000000000027e+02
5.000000000000000000e+00 1.899999999999999911e+00 2.140000000000000124e+00 2.805000000000000160e+00 3.253333333333333410e+00 3.555000000000000160e+00 5.158000000000000362e+00 2.539850000000000136e+02 3.387328571428571422e+02 4.110037500000000250e+02 4.354077777777777669e+02 4.607452631578947262e+02 4.620400000000000205e+02 4.353228571428571172e+02 4.650063636363636306e+02 4.542966666666666811e+02 4.774561538461538248e+02 4.879599999999999795e+02 4.887746666666666897e+02 6.248043750000000500e+02 6.421482352941176259e+02 6.783777777777777374e+02 6.975626315789473892e+02 7.211325000000000500e+02
4.000000000000000000e+00 1.760000000000000009e+00 1.979999999999999982e+00 2.439999999999999947e+00 2.866666666666666696e+00 3.589999999999999858e+00 4.546000000000000263e+00 3.023083333333333371e+02 3.914828571428571422e+02 4.036462500000000091e+02 4.688999999999999773e+02 4.384484210526316019e+02 4.758190000000000168e+02 4.626638095238095048e+02 4.768918181818181665e+02 4.680766666666666538e+02 4.926884615384615245e+02 4.755228571428571627e+02 5.107553333333333399e+02 6.154750000000000227e+02 6.542723529411764503e+02 6.706755555555555475e+02 6.984705263157894706e+02 7.232195000000000391e+02
1.000000000000000000e+00 2.319999999999999840e+00 2.609999999999999876e+00 2.450000000000000178e+00 2.996666666666666590e+00 4.142500000000000071e+00 4.879999999999999893e+00 2.753216666666666583e+02 3.699757142857142753e+02 4.089700000000000273e+02 4.365333333333333599e+02 4.354157894736841854e+02 4.638940000000000055e+02 4.756895238095237914e+02 4.797518181818181802e+02 4.814041666666666401e+02 4.960992307692307577e+02 4.785171428571428578e+02 4.989180000000000064e+02 6.322975000000000136e+02 6.465276470588235043e+02 6.714677777777777692e+02 7.006415789473684299e+02 7.238769999999999527e+02
1.000000000000000000e+00 1.939999999999999947e+00 2.160000000000000142e+00 2.810000000000000053e+00 3.303333333333333233e+00 3.265000000000000124e+00 5.637999999999999901e+00 3.468600000000000136e+02 3.965814285714285461e+02 4.084687500000000000e+02 4.488422222222222331e+02 4.333347368421052579e+02 4.532409999999999854e+02 4.848600000000000136e+02 4.582581818181818107e+02 4.850458333333333485e+02 4.876123076923076951e+02 4.779100000000000250e+02 4.778673333333333062e+02 6.046124999999999545e+02 6.460617647058822968e+02 6.727755555555555702e+02 6.946957894736841581e+02 7.285615000000000236e+02
4.000000000000000000e+00 1.800000000000000044e+00 2.259999999999999787e+00 2.830000000000000071e+00 2.830000000000000071e+00 3.714999999999999858e+00 4.182000000000000384e+00 2.123733333333333348e+02 3.541785714285714448e+02 4.095837500000000091e+02 4.433944444444444457e+02 4.492200000000000273e+02 4.481979999999999791e+02 4.686247619047618969e+02 4.948809090909090855e+02 4.727158333333333076e+02 4.916046153846153857e+02 4.868957142857142912e+02 5.074233333333333462e+02 5.862118749999999636e+02 6.551776470588234815e+02 6.732572222222222535e+02 6.983121052631579460e+02 7.211715000000000373e+02
2.000000000000000000e+00 2.120000000000000107e+00 2.200000000000000178e+00 2.745000000000000107e+00 2.919999999999999929e+00 3.419999999999999929e+00 3.758000000000000007e+00 2.440200000000000102e+02 3.833242857142857360e+02 3.998600000000000136e+02 4.403866666666666561e+02 4.601463157894737037e+02 4.610400000000000205e+02 4.732285714285714562e+02 4.930954545454545723e+02 4.693191666666666606e+02 4.802892307692307554e+02 4.962171428571428464e+02 4.920433333333333508e+02 6.172918750000000045e+02 6.535705882352941671e+02 6.686727777777778101e+02 6.956163157894736742e+02 7.177549999999999955e+02
2.000000000000000000e+00 2.240000000000000213e+00 2.379999999999999893e+00 2.660000000000000142e+00 3.043333333333333446e+00 3.350000000000000089e+00 5.919999999999999929e+00 3.079766666666666879e+02 3.989528571428571695e+02 4.112400000000000091e+02 4.381177777777778033e+02 4.664263157894736764e+02 4.714940000000000282e+02 4.790219047619047501e+02 4.762236363636363876e+02 4.650475000000000136e+02 4.894453846153846257e+02 4.842435714285714425e+02 5.558546666666666169e+02 5.967656250000000000e+02 6.615852941176470949e+02 6.741994444444444525e+02 7.006447368421053170e+02 7.218434999999999491e+02
1.000000000000000000e+00 1.919999999999999929e+00 2.419999999999999929e+00 2.580000000000000071e+00 3.356666666666666465e+00 3.667499999999999982e+00 5.142000000000000348e+00 1.734766666666666595e+02 3.809857142857142662e+02 4.282487499999999727e+02 4.513144444444444616e+02 4.652242105263158010e+02 4.643460000000000036e+02 4.527838095238095093e+02 4.662099999999999795e+02 4.867716666666666470e+02 5.092046153846154084e+02 4.850557142857142594e+02 5.342140000000000555e+02 6.190231250000000500e+02 6.523241176470588698e+02 6.837033333333333758e+02 7.059526315789473756e+02 7.302290000000000418e+02
1.000000000000000000e+00 1.600000000000000089e+00 2.229999999999999982e+00 2.180000000000000160e+00 3.096666666666666679e+00 3.492500000000000160e+00 6.783999999999999808e+00 3.013550000000000182e+02 3.874471428571428646e+02 4.250912500000000023e+02 4.530966666666666924e+02 4.457031578947368189e+02 4.670210000000000150e+02 4.743790476190476397e+02 4.819372727272727275e+02 4.908858333333333235e+02 4.908023076923076928e+02 4.970135714285714243e+02 4.903986666666666565e+02 6.097849999999999682e+02 6.543576470588235452e+02 6.779394444444444616e+02 6.910231578947368689e+02 7.290784999999999627e+02
3.000000000000000000e+00 2.160000000000000142e+00 2.479999999999999982e+00 2.484999999999999876e+00 2.683333333333333126e+00 4.195000000000000284e+00 5.088000000000000078e+00 4.762166666666666970e+01 3.765228571428571627e+02 4.531437500000000114e+02 4.576211111111111336e+02 4.517210526315789707e+02 4.629970000000000141e+02 4.871638095238095048e+02 4.686763636363636465e+02 4.762724999999999795e+02 4.748461538461538680e+02 5.002771428571428487e+02 5.072146666666666874e+02 6.159593750000000227e+02 6.518158823529412302e+02 6.882566666666666606e+02 7.077973684210526244e+02 7.187500000000000000e+02
1.000000000000000000e+00 2.359999999999999876e+00 2.459999999999999964e+00 2.604999999999999982e+00 2.633333333333333304e+00 3.892500000000000071e+00 3.887999999999999901e+00 2.776666666666666856e+02 3.724585714285714175e+02 4.289499999999999886e+02 4.216677777777777578e+02 4.492263157894736878e+02 4.385269999999999868e+02 4.591533333333333076e+02 4.625981818181818426e+02 4.789350000000000023e+02 4.725153846153846189e+02 4.780278571428571581e+02 4.901633333333333553e+02 6.012993750000000546e+02 6.546535294117646799e+02 6.890277777777778283e+02 7.055536842105262849e+02 7.277899999999999636e+02
4.000000000000000000e+00 1.820000000000000062e+00 2.319999999999999840e+00 2.734999999999999876e+00 3.240000000000000213e+00 3.912500000000000089e+00 6.503999999999999559e+00 3.173466666666666924e+02 3.748700000000000045e+02 4.119312499999999773e+02 4.459844444444444207e+02 4.443105263157894456e+02 4.599630000000000223e+02 4.727533333333333303e+02 4.697618181818181711e+02 4.722733333333333121e+02 4.749576923076922981e+02 4.820257142857142867e+02 4.939913333333333298e+02 6.061325000000000500e+02 6.387341176470588380e+02 6.803711111111110768e+02 7.045289473684210861e+02 7.140599999999999454e+02
1.000000000000000000e+00 1.939999999999999947e+00 2.379999999999999893e+00 2.375000000000000000e+00 2.966666666666666785e+00 3.180000000000000160e+00 4.873999999999999666e+00 2.323366666666666731e+02 3.420285714285714107e+02 4.026924999999999955e+02 4.416322222222221967e+02 4.490231578947368689e+02 4.433170000000000073e+02 4.653657142857142617e+02 4.651636363636363853e+02 4.736100000000000136e+02 5.063446153846153948e+02 5.095578571428571308e+02 5.402699999999999818e+02 6.092968750000000000e+02 6.579311764705881842e+02 6.791638888888888914e+02 7.074563157894737060e+02 7.156820000000000164e+02
2.000000000000000000e+00 2.060000000000000053e+00 2.089999999999999858e+00 2.904999999999999805e+00 3.149999999999999911e+00 3.317499999999999893e+00 5.488000000000000433e+00 2.868399999999999750e+02 3.391200000000000045e+02 4.031875000000000000e+02 4.436922222222221990e+02 4.499494736842105453e+02 4.643340000000000032e+02 4.578885714285714243e+02 4.778536363636363831e+02 4.688358333333333121e+02 4.682461538461538453e+02 4.890321428571428442e+02 4.892946666666666715e+02 6.112450000000000045e+02 6.476476470588235088e+02 6.748933333333333167e+02 6.975742105263158237e+02 7.236195000000000164e+02
1.000000000000000000e+00 2.259999999999999787e+00 2.250000000000000000e+00 2.339999999999999858e+00 3.063333333333333464e+00 3.207500000000000018e+00 5.929999999999999716e+00 1.872166666666666686e+02 3.822757142857142867e+02 4.043575000000000159e+02 4.426100000000000136e+02 4.258905263157894865e+02 4.771510000000000105e+02 4.777885714285714016e+02 4.738954545454545269e+02 4.694333333333333371e+02 4.826230769230769511e+02 4.927464285714285666e+02 5.029846666666666692e+02 6.190606249999999591e+02 6.477488235294117658e+02 6.791855555555555384e+02 7.093700000000000045e+02 7.269795000000000300e+02
1.000000000000000000e+00 2.180000000000000160e+00 1.979999999999999982e+00 2.334999999999999964e+00 3.069999999999999840e+00 3.347500000000000142e+00 6.000000000000000000e+00 3.248899999999999864e+02 3.690657142857143072e+02 4.237450000000000045e+02 4.170544444444444707e+02 4.461778947368421200e+02 4.748039999999999736e+02 4.313580952380952453e+02 4.679554545454545291e+02 5.008641666666666765e+02 4.910192307692307736e+02 4.763321428571428555e+02 4.842193333333333385e+02 6.170668749999999818e+02 6.510452941176470176e+02 6.864333333333332803e+02 6.980331578947368598e+02 7.254085000000000036e+02
1.000000000000000000e+00 2.359999999999999876e+00 2.189999999999999947e+00 2.424999999999999822e+00 2.913333333333333552e+00 3.712499999999999911e+00 4.062000000000000277e+00 2.453933333333333451e+02 3.468042857142856974e+02 4.211974999999999909e+02 4.369355555555555384e+02 4.590515789473683981e+02 4.621460000000000150e+02 4.426495238095238278e+02 4.731827272727272771e+02 4.951625000000000227e+02 4.851800000000000068e+02 4.824014285714285961e+02 4.980806666666666729e+02 6.260506249999999682e+02 6.436670588235293735e+02 6.719838888888889414e+02 7.071473684210526471e+02 7.169365000000000236e+02
2.000000000000000000e+00 2.379999999999999893e+00 2.310000000000000053e+00 2.319999999999999840e+00 3.066666666666666874e+00 3.512500000000000178e+00 4.118000000000000327e+00 2.540949999999999989e+02 3.420814285714285461e+02 3.957300000000000182e+02 4.469855555555555497e+02 4.657989473684210679e+02 4.521669999999999732e+02 4.699066666666666947e+02 4.702790909090908826e+02 4.731158333333333417e+02 4.828723076923076860e+02 5.052678571428571672e+02 5.704826666666666597e+02 6.052587499999999636e+02 6.506647058823529051e+02 6.819422222222221990e+02 7.155710526315789366e+02 7.153360000000000127e+02
2.000000000000000000e+00 2.339999999999999858e+00 2.209999999999999964e+00 2.214999999999999858e+00 2.799999999999999822e+00 3.167499999999999982e+00 3.688000000000000167e+00 1.450099999999999909e+02 3.772157142857142844e+02 3.926962500000000205e+02 4.620533333333333417e+02 4.584231578947368462e+02 4.636390000000000100e+02 4.754952380952381077e+02 4.879736363636363876e+02 4.826416666666666515e+02 4.939907692307692173e+02 4.806914285714285597e+02 5.779246666666666670e+02 5.697981250000000273e+02 6.510858823529412120e+02 6.807383333333333439e+02 7.010573684210526153e+02 7.163395000000000437e+02
3.000000000000000000e+00 2.240000000000000213e+00 2.399999999999999911e+00 2.490000000000000213e+00 2.979999999999999982e+00 3.497500000000000053e+00 4.166000000000000369e+00 1.843033333333333417e+02 3.905671428571428692e+02 4.308137500000000273e+02 4.551877777777777965e+02 4.643894736842105431e+02 4.662149999999999750e+02 4.850590476190476465e+02 4.758218181818181733e+02 4.707608333333333235e+02 4.917246153846153902e+02 4.882007142857142981e+02 4.982113333333333571e+02 6.161549999999999727e+02 6.534476470588235770e+02 6.729105555555555611e+02 7.049047368421053079e+02 7.172155000000000200e+02
4.000000000000000000e+00 1.739999999999999991e+00 2.020000000000000018e+00 2.529999999999999805e+00 2.993333333333333179e+00 3.365000000000000213e+00 4.889999999999999680e+00 2.180633333333333326e+02 3.562514285714285620e+02 4.054499999999999886e+02 4.229488888888889164e+02 4.880263157894736992e+02 4.779789999999999850e+02 4.973104761904762086e+02 4.860745454545454436e+02 4.766825000000000045e+02 4.713199999999999932e+02 4.986000000000000227e+02 5.725166666666666515e+02 6.116625000000000227e+02 6.561100000000000136e+02 6.781588888888888960e+02 6.996663157894736287e+02 7.246575000000000273e+02
2.000000000000000000e+00 2.060000000000000053e+00 2.399999999999999911e+00 2.604999999999999982e+00 3.270000000000000018e+00 3.660000000000000142e+00 4.870000000000000107e+00 2.006016666666666595e+02 3.509928571428571331e+02 4.039325000000000045e+02 4.280877777777777737e+02 4.397715789473684254e+02 4.745950000000000273e+02 4.517285714285714562e+02 4.793181818181818130e+02 4.556050000000000182e+02 4.898215384615384664e+02 4.869635714285714130e+02 5.058706666666666933e+02 6.138412499999999454e+02 6.485123529411764594e+02 6.770566666666666151e+02 6.931647368421052988e+02 7.207430000000000518e+02
