1.000000000000000000e+00 1.000000000000000000e+00 1.080000000000000071e+00 1.110000000000000098e+00 1.166666666666666741e+00 1.250000000000000000e+00 1.381999999999999895e+00 1.576666666666666661e+00 1.760000000000000009e+00 2.021250000000000213e+00 2.484444444444444233e+00 3.154736842105263062e+00 1.355589999999999975e+02 3.305380952380952522e+02 4.474872727272727388e+02 5.101166666666666742e+02 5.498207692307692014e+02 5.933771428571428714e+02 6.287179999999999609e+02 6.610843750000000227e+02 6.758988235294117430e+02 7.031488888888889051e+02 7.087536842105263304e+02 7.337884999999999991e+02
1.000000000000000000e+00 1.040000000000000036e+00 1.070000000000000062e+00 1.080000000000000071e+00 1.199999999999999956e+00 1.242499999999999938e+00 1.381999999999999895e+00 1.581666666666666776e+00 1.791428571428571370e+00 1.996250000000000080e+00 2.500000000000000000e+00 3.180000000000000160e+00 1.149050000000000011e+02 3.376847619047618991e+02 4.161772727272727366e+02 4.988566666666666833e+02 5.566607692307692332e+02 5.998435714285714084e+02 6.250426666666667188e+02 6.476112500000000409e+02 6.733864705882352837e+02 6.999099999999999682e+02 7.155594736842105021e+02 7.239230000000000018e+02
1.000000000000000000e+00 1.000000000000000000e+00 1.020000000000000018e+00 1.090000000000000080e+00 1.203333333333333366e+00 1.317499999999999893e+00 1.465999999999999970e+00 1.468333333333333268e+00 1.694285714285714395e+00 2.013749999999999929e+00 2.487777777777777644e+00 3.167368421052631611e+00 1.564329999999999927e+02 3.119457142857143026e+02 4.178309090909090742e+02 4.961833333333333371e+02 5.483407692307691832e+02 5.865257142857142298e+02 6.279460000000000264e+02 6.573331249999999955e+02 6.785647058823529960e+02 7.014427777777777919e+02 7.220457894736841808e+02 7.245724999999999909e+02
1.000000000000000000e+00 1.040000000000000036e+00 1.070000000000000062e+00 1.094999999999999973e+00 1.203333333333333366e+00 1.324999999999999956e+00 1.401999999999999913e+00 1.596666666666666679e+00 1.715714285714285747e+00 1.923750000000000071e+00 2.557777777777777928e+00 3.459999999999999964e+00 1.879050000000000011e+02 3.456904761904762040e+02 4.238472727272727525e+02 5.172549999999999955e+02 5.676469230769230307e+02 5.887892857142857110e+02 6.262013333333333094e+02 6.585968749999999545e+02 6.733194117647059329e+02 6.977327777777777555e+02 7.136694736842105158e+02 7.292815000000000509e+02
1.000000000000000000e+00 1.060000000000000053e+00 1.040000000000000036e+00 1.090000000000000080e+00 1.266666666666666607e+00 1.222499999999999920e+00 1.475999999999999979e+00 1.538333333333333330e+00 1.724285714285714199e+00 2.021250000000000213e+00 2.436666666666666536e+00 3.067368421052631522e+00 1.495159999999999911e+02 3.158276190476190664e+02 4.181527272727272475e+02 5.067208333333333599e+02 5.654561538461538248e+02 6.052742857142857247e+02 6.228680000000000518e+02 6.569443750000000364e+02 6.857976470588234861e+02 6.843172222222221990e+02 7.148363157894737014e+02 7.271480000000000246e+02
1.000000000000000000e+00 1.080000000000000071e+00 1.050000000000000044e+00 1.129999999999999893e+00 1.169999999999999929e+00 1.354999999999999982e+00 1.383999999999999897e+00 1.530000000000000027e+00 1.747142857142857109e+00 2.133750000000000036e+00 2.604444444444444340e+00 3.077894736842105239e+00 1.505389999999999873e+02 3.283390476190476193e+02 4.107609090909090810e+02 5.011708333333333485e+02 5.628461538461538112e+02 6.035650000000000546e+02 6.284900000000000091e+02 6.513150000000000546e+02 6.640758823529412211e+02 7.018666666666666742e+02 7.147942105263157373e+02 7.246989999999999554e+02
1.000000000000000000e+00 1.020000000000000018e+00 1.070000000000000062e+00 1.169999999999999929e+00 1.233333333333333393e+00 1.312500000000000000e+00 1.423999999999999932e+00 1.481666666666666687e+00 1.718571428571428639e+00 1.971249999999999947e+00 2.624444444444444358e+00 3.122105263157894939e+00 1.564310000000000116e+02 3.151580952380952567e+02 4.388909090909090764e+02 4.976808333333333394e+02 5.563592307692307486e+02 5.924049999999999727e+02 6.188279999999999745e+02 6.579743750000000091e+02 6.690341176470587925e+02 6.966616666666666333e+02 7.125510526315789548e+02 7.403519999999999754e+02
1.000000000000000000e+00 1.040000000000000036e+00 1.060000000000000053e+00 1.084999999999999964e+00 1.159999999999999920e+00 1.282499999999999973e+00 1.324000000000000066e+00 1.473333333333333384e+00 1.735714285714285765e+00 2.043750000000000178e+00 2.643333333333333535e+00 3.077894736842105239e+00 1.255799999999999983e+02 3.325428571428571445e+02 4.199172727272727457e+02 5.094766666666666879e+02 5.450830769230768738e+02 5.930921428571429033e+02 6.302426666666666506e+02 6.480718749999999773e+02 6.709711764705882615e+02 6.960516666666666197e+02 7.106868421052631675e+02 7.326979999999999791e+02
1.000000000000000000e+00 1.000000000000000000e+00 1.070000000000000062e+00 1.094999999999999973e+00 1.216666666666666563e+00 1.294999999999999929e+00 1.372000000000000108e+00 1.570000000000000062e+00 1.735714285714285765e+00 2.186249999999999805e+00 2.487777777777777644e+00 3.051578947368421169e+00 1.190540000000000020e+02 3.235152380952380895e+02 4.095736363636363535e+02 5.151241666666666106e+02 5.551184615384615881e+02 5.942235714285714039e+02 6.071433333333333167e+02 6.568237500000000182e+02 6.756105882352941308e+02 6.919400000000000546e+02 7.204194736842105158e+02 7.326720000000000255e+02
1.000000000000000000e+00 1.040000000000000036e+00 1.070000000000000062e+00 1.110000000000000098e+00 1.196666666666666767e+00 1.320000000000000062e+00 1.342000000000000082e+00 1.530000000000000027e+00 1.651428571428571468e+00 2.077500000000000124e+00 2.518888888888888733e+00 2.888421052631578778e+00 8.492499999999999716e+01 3.461076190476190391e+02 4.080500000000000114e+02 5.007908333333333530e+02 5.511576923076922867e+02 5.873664285714286279e+02 6.231393333333332976e+02 6.485387500000000500e+02 6.722147058823529733e+02 6.975922222222221762e+02 7.089805263157894615e+02 7.278160000000000309e+02
1.000000000000000000e+00 1.020000000000000018e+00 1.040000000000000036e+00 1.129999999999999893e+00 1.169999999999999929e+00 1.282499999999999973e+00 1.356000000000000094e+00 1.528333333333333321e+00 1.658571428571428585e+00 1.951249999999999929e+00 2.436666666666666536e+00 3.202105263157894566e+00 1.624099999999999966e+02 3.151399999999999864e+02 4.052745454545454322e+02 5.041708333333333485e+02 5.561007692307691741e+02 6.006092857142857611e+02 6.233653333333332967e+02 6.542743749999999636e+02 6.778723529411764730e+02 7.003122222222222035e+02 7.174221052631578459e+02 7.287714999999999463e+02
1.000000000000000000e+00 1.080000000000000071e+00 1.040000000000000036e+00 1.090000000000000080e+00 1.196666666666666767e+00 1.237500000000000044e+00 1.379999999999999893e+00 1.583333333333333259e+00 1.757142857142857117e+00 2.037500000000000089e+00 2.486666666666666803e+00 3.107368421052631557e+00 1.379230000000000018e+02 3.076247619047618969e+02 4.140918181818181552e+02 5.028758333333333326e+02 5.519292307692307986e+02 5.871035714285713993e+02 6.336233333333333348e+02 6.518343750000000227e+02 6.768829411764705810e+02 6.985499999999999545e+02 7.125399999999999636e+02 7.287564999999999600e+02
1.000000000000000000e+00 1.000000000000000000e+00 1.030000000000000027e+00 1.110000000000000098e+00 1.186666666666666758e+00 1.242499999999999938e+00 1.377999999999999892e+00 1.471666666666666679e+00 1.701428571428571512e+00 1.982499999999999929e+00 2.521111111111111303e+00 3.191578947368420849e+00 1.313890000000000100e+02 3.364295238095238005e+02 4.270600000000000023e+02 5.049241666666666788e+02 5.424846153846153811e+02 5.982357142857142662e+02 6.252393333333333203e+02 6.421512500000000045e+02 6.839417647058824059e+02 6.912916666666666288e+02 7.097321052631579050e+02 7.366499999999999773e+02
1.000000000000000000e+00 1.000000000000000000e+00 1.040000000000000036e+00 1.090000000000000080e+00 1.213333333333333375e+00 1.237500000000000044e+00 1.366000000000000103e+00 1.584999999999999964e+00 1.702857142857142847e+00 1.997500000000000053e+00 2.585555555555555607e+00 3.253684210526315734e+00 1.174219999999999970e+02 3.287390476190475965e+02 4.054054545454545178e+02 5.083933333333333167e+02 5.541430769230769329e+02 5.983964285714286007e+02 6.271539999999999964e+02 6.610743750000000318e+02 6.827176470588235588e+02 6.888816666666666606e+02 7.158005263157895115e+02 7.233020000000000209e+02
1.000000000000000000e+00 1.040000000000000036e+00 1.060000000000000053e+00 1.114999999999999991e+00 1.193333333333333357e+00 1.302499999999999991e+00 1.411999999999999922e+00 1.618333333333333401e+00 1.718571428571428639e+00 2.086250000000000160e+00 2.675555555555555465e+00 3.318947368421052424e+00 1.376270000000000095e+02 3.610904761904761813e+02 4.263863636363636260e+02 4.933933333333333167e+02 5.517130769230768692e+02 5.862392857142857565e+02 6.190140000000000100e+02 6.532387499999999818e+02 6.812141176470588562e+02 6.985205555555555748e+02 7.183594736842105704e+02 7.232540000000000191e+02
1.000000000000000000e+00 1.000000000000000000e+00 1.070000000000000062e+00 1.129999999999999893e+00 1.229999999999999982e+00 1.215000000000000080e+00 1.427999999999999936e+00 1.511666666666666714e+00 1.677142857142857046e+00 2.036249999999999893e+00 2.453333333333333144e+00 3.060000000000000053e+00 1.695790000000000077e+02 3.304019047619047456e+02 4.164781818181818380e+02 5.014108333333333576e+02 5.626876923076922594e+02 6.039564285714285461e+02 6.263120000000000118e+02 6.575043749999999818e+02 6.652805882352940898e+02 6.983088888888888732e+02 7.119231578947368462e+02 7.236704999999999472e+02
1.000000000000000000e+00 1.000000000000000000e+00 1.070000000000000062e+00 1.139999999999999902e+00 1.219999999999999973e+00 1.324999999999999956e+00 1.407999999999999918e+00 1.626666666666666705e+00 1.707142857142857073e+00 1.951249999999999929e+00 2.509999999999999787e+00 3.100000000000000089e+00 1.480860000000000127e+02 3.438561904761904771e+02 4.106399999999999864e+02 5.058191666666666606e+02 5.504361538461538430e+02 5.895621428571428169e+02 6.382973333333333130e+02 6.456081249999999727e+02 6.726764705882352473e+02 6.975049999999999955e+02 7.080615789473683890e+02 7.274785000000000537e+02
1.000000000000000000e+00 1.000000000000000000e+00 1.060000000000000053e+00 1.120000000000000107e+00 1.169999999999999929e+00 1.257500000000000062e+00 1.413999999999999924e+00 1.514999999999999902e+00 1.662857142857142811e+00 2.052500000000000213e+00 2.411111111111110983e+00 3.129473684210526407e+00 1.458959999999999866e+02 3.102866666666666902e+02 4.062372727272727388e+02 4.900091666666666583e+02 5.603692307692307395e+02 5.805342857142857156e+02 6.191753333333333558e+02 6.487556250000000091e+02 6.660752941176471040e+02 7.075572222222222081e+02 7.084668421052631402e+02 7.273244999999999436e+02
1.000000000000000000e+00 1.000000000000000000e+00 1.040000000000000036e+00 1.125000000000000000e+00 1.236666666666666581e+00 1.274999999999999911e+00 1.431999999999999940e+00 1.468333333333333268e+00 1.775714285714285801e+00 1.977500000000000036e+00 2.557777777777777928e+00 3.328421052631579169e+00 1.368309999999999889e+02 3.544266666666666765e+02 4.126581818181818448e+02 5.029950000000000045e+02 5.614515384615384619e+02 6.010257142857142298e+02 6.283559999999999945e+02 6.537525000000000546e+02 6.738805882352941126e+02 7.038644444444444161e+02 7.140831578947368143e+02 7.202630000000000337e+02
1.000000000000000000e+00 1.020000000000000018e+00 1.090000000000000080e+00 1.155000000000000027e+00 1.173333333333333339e+00 1.282499999999999973e+00 1.435999999999999943e+00 1.514999999999999902e+00 1.728571428571428648e+00 1.942499999999999893e+00 2.459999999999999964e+00 3.343157894736842106e+00 1.352620000000000005e+02 3.363019047619047797e+02 4.061518181818181574e+02 5.111383333333333212e+02 5.584700000000000273e+02 5.920157142857142389e+02 6.175293333333332839e+02 6.633543750000000045e+02 6.827447058823529460e+02 6.970805555555555202e+02 7.117605263157894342e+02 7.279465000000000146e+02
1.000000000000000000e+00 1.000000000000000000e+00 1.080000000000000071e+00 1.165000000000000036e+00 1.193333333333333357e+00 1.229999999999999982e+00 1.348000000000000087e+00 1.540000000000000036e+00 1.729999999999999982e+00 1.907499999999999973e+00 2.623333333333333517e+00 3.202105263157894566e+00 1.087480000000000047e+02 3.535676190476190754e+02 4.267509090909090901e+02 5.059925000000000068e+02 5.511053846153846507e+02 6.011935714285714312e+02 6.297599999999999909e+02 6.619262499999999818e+02 6.735223529411764503e+02 6.894272222222222126e+02 7.101421052631578732e+02 7.331035000000000537e+02
1.000000000000000000e+00 1.020000000000000018e+00 1.050000000000000044e+00 1.155000000000000027e+00 1.216666666666666563e+00 1.232499999999999929e+00 1.372000000000000108e+00 1.489999999999999991e+00 1.764285714285714235e+00 2.067499999999999893e+00 2.367777777777777981e+00 3.243157894736842017e+00 1.126129999999999995e+02 3.431504761904761835e+02 4.161318181818181756e+02 5.078733333333333348e+02 5.649453846153845689e+02 6.019914285714286279e+02 6.163046666666666624e+02 6.451606249999999818e+02 6.853352941176470949e+02 7.018955555555555748e+02 7.168615789473684572e+02 7.304669999999999845e+02
1.000000000000000000e+00 1.000000000000000000e+00 1.020000000000000018e+00 1.139999999999999902e+00 1.163333333333333330e+00 1.270000000000000018e+00 1.389999999999999902e+00 1.510000000000000009e+00 1.719999999999999973e+00 2.071250000000000036e+00 2.525555555555555554e+00 3.127368421052631575e+00 1.560740000000000123e+02 3.075123809523809655e+02 4.228409090909090651e+02 4.943933333333333167e+02 5.585338461538461843e+02 5.925742857142856792e+02 6.254980000000000473e+02 6.569581249999999955e+02 6.756652941176470222e+02 6.900133333333333212e+02 7.048252631578947103e+02 7.304859999999999900e+02
1.000000000000000000e+00 1.020000000000000018e+00 1.070000000000000062e+00 1.120000000000000107e+00 1.226666666666666572e+00 1.270000000000000018e+00 1.403999999999999915e+00 1.478333333333333277e+00 1.672857142857142820e+00 1.986250000000000071e+00 2.538888888888888751e+00 3.187368421052631628e+00 1.029189999999999969e+02 3.463647619047619060e+02 4.073100000000000023e+02 5.104833333333333485e+02 5.539046153846153402e+02 5.938550000000000182e+02 6.303933333333333167e+02 6.563418749999999591e+02 6.816052941176470767e+02 7.044822222222222763e+02 7.060710526315789366e+02 7.242079999999999700e+02
1.000000000000000000e+00 1.020000000000000018e+00 1.040000000000000036e+00 1.084999999999999964e+00 1.219999999999999973e+00 1.322500000000000009e+00 1.364000000000000101e+00 1.495000000000000107e+00 1.711428571428571521e+00 1.983749999999999902e+00 2.589999999999999858e+00 3.070526315789473770e+00 1.580469999999999970e+02 3.560771428571428601e+02 3.983427272727272452e+02 5.010899999999999750e+02 5.442584615384615745e+02 5.881057142857142708e+02 6.248093333333333703e+02 6.430037499999999682e+02 6.815299999999999727e+02 7.001911111111111268e+02 7.170721052631579369e+02 7.337530000000000427e+02
