1.000000000000000000e+00 1.040000000000000036e+00 1.090000000000000080e+00 1.084999999999999964e+00 1.193333333333333357e+00 1.232499999999999929e+00 1.403999999999999915e+00 1.570000000000000062e+00 1.669999999999999929e+00 2.134999999999999787e+00 2.609999999999999876e+00 3.247368421052631682e+00 1.424250000000000114e+02 3.665038095238095366e+02 4.328172727272727229e+02 5.016233333333333348e+02 5.576269230769230489e+02 5.942471428571428760e+02 6.284106666666666570e+02 6.589349999999999454e+02 6.784476470588235770e+02 7.008761111111110722e+02 7.090973684210525789e+02 7.247309999999999945e+02
1.000000000000000000e+00 1.020000000000000018e+00 1.020000000000000018e+00 1.110000000000000098e+00 1.179999999999999938e+00 1.304999999999999938e+00 1.409999999999999920e+00 1.513333333333333419e+00 1.709999999999999964e+00 1.886249999999999982e+00 2.495555555555555749e+00 3.198947368421052762e+00 1.404660000000000082e+02 3.733361904761904952e+02 4.525699999999999932e+02 5.062666666666666515e+02 5.645430769230769101e+02 6.006764285714285734e+02 6.286006666666667115e+02 6.575393749999999500e+02 6.721235294117647072e+02 6.903883333333333212e+02 7.136231578947368916e+02 7.302569999999999482e+02
1.000000000000000000e+00 1.020000000000000018e+00 1.040000000000000036e+00 1.080000000000000071e+00 1.163333333333333330e+00 1.250000000000000000e+00 1.393999999999999906e+00 1.485000000000000098e+00 1.655714285714285694e+00 2.008750000000000036e+00 2.658888888888888857e+00 3.149473684210526425e+00 1.125079999999999956e+02 3.508123809523809769e+02 4.358100000000000023e+02 5.074941666666666720e+02 5.573953846153846143e+02 5.924907142857142617e+02 6.204366666666666106e+02 6.556093750000000000e+02 6.715888235294117976e+02 6.975655555555555338e+02 7.133552631578946830e+02 7.279840000000000373e+02
1.000000000000000000e+00 1.040000000000000036e+00 1.080000000000000071e+00 1.084999999999999964e+00 1.179999999999999938e+00 1.272499999999999964e+00 1.391999999999999904e+00 1.501666666666666705e+00 1.755714285714285783e+00 1.965000000000000080e+00 2.598888888888888804e+00 3.177894736842105328e+00 1.470709999999999980e+02 3.613609523809523694e+02 4.396127272727272839e+02 5.056766666666666765e+02 5.612730769230769283e+02 5.845278571428571013e+02 6.373693333333333157e+02 6.497831250000000409e+02 6.721176470588235361e+02 6.922911111111111495e+02 7.098326315789473711e+02 7.303215000000000146e+02
1.000000000000000000e+00 1.040000000000000036e+00 1.080000000000000071e+00 1.149999999999999911e+00 1.223333333333333384e+00 1.267500000000000071e+00 1.391999999999999904e+00 1.548333333333333339e+00 1.754285714285714226e+00 1.985000000000000098e+00 2.556666666666666643e+00 3.207368421052631646e+00 1.219200000000000017e+02 3.485904761904761813e+02 4.451827272727272771e+02 5.069433333333333280e+02 5.484015384615385074e+02 5.925971428571428987e+02 6.237246666666666215e+02 6.470193749999999682e+02 6.816482352941176259e+02 6.988522222222221671e+02 7.168073684210526153e+02 7.278179999999999836e+02
1.000000000000000000e+00 1.040000000000000036e+00 1.060000000000000053e+00 1.114999999999999991e+00 1.169999999999999929e+00 1.254999999999999893e+00 1.385999999999999899e+00 1.540000000000000036e+00 1.659999999999999920e+00 1.985000000000000098e+00 2.515555555555555767e+00 3.176842105263157912e+00 1.221350000000000051e+02 3.578695238095237983e+02 4.389554545454545291e+02 5.156958333333333258e+02 5.543730769230769511e+02 5.957878571428570922e+02 6.216499999999999773e+02 6.580193749999999682e+02 6.783782352941176441e+02 6.927500000000000000e+02 7.100168421052632084e+02 7.301219999999999573e+02
1.000000000000000000e+00 1.020000000000000018e+00 1.040000000000000036e+00 1.094999999999999973e+00 1.186666666666666758e+00 1.274999999999999911e+00 1.381999999999999895e+00 1.455000000000000071e+00 1.698571428571428621e+00 2.015000000000000124e+00 2.537777777777777910e+00 3.157894736842105310e+00 1.336370000000000005e+02 3.718266666666666538e+02 4.362827272727272998e+02 5.090508333333333439e+02 5.584607692307691877e+02 5.980442857142857065e+02 6.287313333333332821e+02 6.530056250000000091e+02 6.783970588235293917e+02 6.910772222222221899e+02 7.172421052631578959e+02 7.293360000000000127e+02
1.000000000000000000e+00 1.020000000000000018e+00 1.020000000000000018e+00 1.094999999999999973e+00 1.206666666666666776e+00 1.297500000000000098e+00 1.354000000000000092e+00 1.534999999999999920e+00 1.664285714285714368e+00 1.936250000000000027e+00 2.521111111111111303e+00 3.282105263157894637e+00 8.526800000000000068e+01 3.356152380952381122e+02 4.220418181818182006e+02 5.097158333333333076e+02 5.572630769230769374e+02 5.956492857142857247e+02 6.298546666666666169e+02 6.516312500000000227e+02 6.823811764705882297e+02 6.955072222222222535e+02 7.156852631578947239e+02 7.249144999999999754e+02
1.000000000000000000e+00 1.020000000000000018e+00 1.030000000000000027e+00 1.094999999999999973e+00 1.216666666666666563e+00 1.242499999999999938e+00 1.395999999999999908e+00 1.594999999999999973e+00 1.695714285714285730e+00 2.104999999999999982e+00 2.512222222222222356e+00 3.024210526315789682e+00 1.175570000000000022e+02 3.655142857142857338e+02 4.312527272727272702e+02 5.201716666666666242e+02 5.590307692307692378e+02 6.029149999999999636e+02 6.331866666666666106e+02 6.448337500000000091e+02 6.791376470588235179e+02 6.932888888888888914e+02 7.136678947368420722e+02 7.275784999999999627e+02
1.000000000000000000e+00 1.020000000000000018e+00 1.050000000000000044e+00 1.110000000000000098e+00 1.216666666666666563e+00 1.267500000000000071e+00 1.346000000000000085e+00 1.563333333333333242e+00 1.658571428571428585e+00 1.953750000000000098e+00 2.649999999999999911e+00 3.068421052631578938e+00 1.315730000000000075e+02 3.806257142857143094e+02 4.247554545454545405e+02 5.182150000000000318e+02 5.505984615384614926e+02 5.919500000000000455e+02 6.168306666666666160e+02 6.493087500000000318e+02 6.738417647058823832e+02 6.997272222222221671e+02 7.135126315789473210e+02 7.339339999999999691e+02
1.000000000000000000e+00 1.040000000000000036e+00 1.050000000000000044e+00 1.145000000000000018e+00 1.156666666666666732e+00 1.322500000000000009e+00 1.381999999999999895e+00 1.489999999999999991e+00 1.725714285714285756e+00 2.018749999999999822e+00 2.527777777777777679e+00 3.180000000000000160e+00 1.243840000000000003e+02 3.582323809523809359e+02 4.504409090909090878e+02 4.995658333333333303e+02 5.631753846153845871e+02 5.999578571428571649e+02 6.294973333333333585e+02 6.456506249999999909e+02 6.741788235294117158e+02 6.992383333333333439e+02 7.138042105263158419e+02 7.290734999999999673e+02
1.000000000000000000e+00 1.040000000000000036e+00 1.070000000000000062e+00 1.110000000000000098e+00 1.169999999999999929e+00 1.327499999999999902e+00 1.370000000000000107e+00 1.536666666666666625e+00 1.739999999999999991e+00 1.959999999999999964e+00 2.563333333333333464e+00 3.132631578947368212e+00 1.399819999999999993e+02 3.678171428571428692e+02 4.530390909090909304e+02 5.010758333333333212e+02 5.683623076923076951e+02 5.909385714285714357e+02 6.364733333333333576e+02 6.495218750000000227e+02 6.747582352941176396e+02 6.908311111111111131e+02 7.216142105263157873e+02 7.310924999999999727e+02
1.000000000000000000e+00 1.100000000000000089e+00 1.060000000000000053e+00 1.114999999999999991e+00 1.186666666666666758e+00 1.307500000000000107e+00 1.377999999999999892e+00 1.573333333333333250e+00 1.780000000000000027e+00 2.049999999999999822e+00 2.571111111111111125e+00 2.978947368421052566e+00 1.259620000000000033e+02 3.549219047619047842e+02 4.275627272727272725e+02 5.277124999999999773e+02 5.583061538461538476e+02 6.136449999999999818e+02 6.178773333333333539e+02 6.520818749999999682e+02 6.866423529411764548e+02 6.921594444444444889e+02 7.174936842105263395e+02 7.349515000000000100e+02
1.000000000000000000e+00 1.020000000000000018e+00 1.040000000000000036e+00 1.145000000000000018e+00 1.166666666666666741e+00 1.272499999999999964e+00 1.350000000000000089e+00 1.581666666666666776e+00 1.797142857142857153e+00 1.992499999999999938e+00 2.604444444444444340e+00 3.124210526315789327e+00 1.204890000000000043e+02 3.666057142857142708e+02 4.317272727272727479e+02 5.137241666666666333e+02 5.664323076923077451e+02 6.000628571428571831e+02 6.236939999999999600e+02 6.511937500000000227e+02 6.749223529411764275e+02 6.855344444444444889e+02 7.171331578947368826e+02 7.271420000000000528e+02
1.000000000000000000e+00 1.000000000000000000e+00 1.070000000000000062e+00 1.135000000000000009e+00 1.169999999999999929e+00 1.267500000000000071e+00 1.401999999999999913e+00 1.541666666666666741e+00 1.738571428571428656e+00 1.993749999999999911e+00 2.597777777777777963e+00 3.161052631578947558e+00 1.674840000000000089e+02 3.657638095238095275e+02 4.446936363636363581e+02 5.149275000000000091e+02 5.580700000000000500e+02 5.971507142857142298e+02 6.236246666666667124e+02 6.522768750000000182e+02 6.728047058823528914e+02 6.929072222222222308e+02 7.209542105263158192e+02 7.305955000000000155e+02
1.000000000000000000e+00 1.000000000000000000e+00 1.010000000000000009e+00 1.100000000000000089e+00 1.233333333333333393e+00 1.312500000000000000e+00 1.387999999999999901e+00 1.503333333333333410e+00 1.698571428571428621e+00 1.922500000000000098e+00 2.653333333333333321e+00 3.279999999999999805e+00 1.005379999999999967e+02 3.582771428571428487e+02 4.398554545454545632e+02 5.161100000000000136e+02 5.566030769230769693e+02 5.979185714285714539e+02 6.266133333333333439e+02 6.431100000000000136e+02 6.779994117647058829e+02 6.918116666666666106e+02 7.099121052631578550e+02 7.257435000000000400e+02
1.000000000000000000e+00 1.020000000000000018e+00 1.040000000000000036e+00 1.084999999999999964e+00 1.183333333333333348e+00 1.260000000000000009e+00 1.395999999999999908e+00 1.481666666666666687e+00 1.739999999999999991e+00 2.024999999999999911e+00 2.481111111111111267e+00 3.461052631578947381e+00 1.542510000000000048e+02 3.555580952380952340e+02 4.332218181818182074e+02 5.144375000000000000e+02 5.637000000000000455e+02 6.090157142857142389e+02 6.257060000000000173e+02 6.477518750000000409e+02 6.753488235294117885e+02 7.021427777777777237e+02 7.066547368421053079e+02 7.382825000000000273e+02
1.000000000000000000e+00 1.080000000000000071e+00 1.050000000000000044e+00 1.104999999999999982e+00 1.193333333333333357e+00 1.322500000000000009e+00 1.387999999999999901e+00 1.541666666666666741e+00 1.672857142857142820e+00 1.893750000000000044e+00 2.635555555555555429e+00 3.217894736842105363e+00 1.525010000000000048e+02 3.580038095238095366e+02 4.611436363636363467e+02 5.164275000000000091e+02 5.524461538461538339e+02 6.104714285714285325e+02 6.172193333333333385e+02 6.619168750000000045e+02 6.802770588235293872e+02 6.953477777777777646e+02 7.184557894736842627e+02 7.216504999999999654e+02
1.000000000000000000e+00 1.080000000000000071e+00 1.030000000000000027e+00 1.100000000000000089e+00 1.179999999999999938e+00 1.284999999999999920e+00 1.328000000000000069e+00 1.488333333333333286e+00 1.747142857142857109e+00 1.983749999999999902e+00 2.483333333333333393e+00 3.379999999999999893e+00 8.510399999999999920e+01 3.860895238095238255e+02 4.247545454545454504e+02 4.978641666666666765e+02 5.617384615384615927e+02 5.989971428571428760e+02 6.334800000000000182e+02 6.629418749999999818e+02 6.752047058823529824e+02 6.914700000000000273e+02 7.083700000000000045e+02 7.211499999999999773e+02
1.000000000000000000e+00 1.100000000000000089e+00 1.110000000000000098e+00 1.125000000000000000e+00 1.166666666666666741e+00 1.260000000000000009e+00 1.340000000000000080e+00 1.521666666666666723e+00 1.731428571428571539e+00 1.968750000000000000e+00 2.518888888888888733e+00 2.982105263157894814e+00 1.127830000000000013e+02 3.722085714285714175e+02 4.437163636363636101e+02 5.131599999999999682e+02 5.619276923076922685e+02 5.869171428571428351e+02 6.303026666666667097e+02 6.556656249999999773e+02 6.779082352941176168e+02 6.937250000000000227e+02 7.205557894736841718e+02 7.313935000000000173e+02
1.000000000000000000e+00 1.020000000000000018e+00 1.010000000000000009e+00 1.125000000000000000e+00 1.129999999999999893e+00 1.277500000000000080e+00 1.409999999999999920e+00 1.488333333333333286e+00 1.735714285714285765e+00 2.032500000000000195e+00 2.533333333333333215e+00 3.439999999999999947e+00 1.351899999999999977e+02 3.633180952380952249e+02 4.228936363636363467e+02 5.089491666666666561e+02 5.611407692307692514e+02 5.935871428571429078e+02 6.315986666666666451e+02 6.534674999999999727e+02 6.760570588235293599e+02 6.930894444444444389e+02 7.138305263157894842e+02 7.297459999999999809e+02
1.000000000000000000e+00 1.020000000000000018e+00 1.040000000000000036e+00 1.129999999999999893e+00 1.186666666666666758e+00 1.280000000000000027e+00 1.356000000000000094e+00 1.441666666666666652e+00 1.692857142857142838e+00 1.908749999999999947e+00 2.589999999999999858e+00 3.022105263157894850e+00 1.080540000000000020e+02 3.606999999999999886e+02 4.356681818181818358e+02 5.168641666666666197e+02 5.631753846153845871e+02 5.965442857142857065e+02 6.363339999999999463e+02 6.594731249999999818e+02 6.819505882352941626e+02 6.939316666666666151e+02 7.119557894736842627e+02 7.337525000000000546e+02
1.000000000000000000e+00 1.020000000000000018e+00 1.090000000000000080e+00 1.145000000000000018e+00 1.186666666666666758e+00 1.225000000000000089e+00 1.372000000000000108e+00 1.445000000000000062e+00 1.654285714285714359e+00 2.145000000000000018e+00 2.444444444444444642e+00 3.192631578947368265e+00 1.219410000000000025e+02 3.916390476190476306e+02 4.420436363636363808e+02 5.063341666666666470e+02 5.554269230769231172e+02 6.147357142857142662e+02 6.379006666666666661e+02 6.531856249999999591e+02 6.749623529411765048e+02 6.958127777777777965e+02 7.074357894736841672e+02 7.373125000000000000e+02
1.000000000000000000e+00 1.000000000000000000e+00 1.070000000000000062e+00 1.114999999999999991e+00 1.199999999999999956e+00 1.312500000000000000e+00 1.413999999999999924e+00 1.536666666666666625e+00 1.678571428571428603e+00 1.982499999999999929e+00 2.673333333333333339e+00 3.000000000000000000e+00 1.297270000000000039e+02 3.814209523809523716e+02 4.475754545454545337e+02 5.167466666666666697e+02 5.691992307692307804e+02 5.948228571428571740e+02 6.153519999999999754e+02 6.525375000000000227e+02 6.742088235294118022e+02 6.969516666666667106e+02 7.235399999999999636e+02 7.279339999999999691e+02
1.000000000000000000e+00 1.000000000000000000e+00 1.060000000000000053e+00 1.094999999999999973e+00 1.153333333333333321e+00 1.282499999999999973e+00 1.348000000000000087e+00 1.479999999999999982e+00 1.661428571428571477e+00 1.965000000000000080e+00 2.549999999999999822e+00 3.036842105263157787e+00 1.386550000000000011e+02 3.782466666666666697e+02 4.346436363636363467e+02 5.041600000000000250e+02 5.653838461538462070e+02 5.978064285714285688e+02 6.201766666666666197e+02 6.450662499999999682e+02 6.783170588235294645e+02 7.031294444444444025e+02 7.116084210526315701e+02 7.315644999999999527e+02
