1.000000000000000000e+00 1.020000000000000018e+00 1.020000000000000018e+00 1.125000000000000000e+00 1.176666666666666750e+00 1.264999999999999902e+00 1.421999999999999931e+00 1.445000000000000062e+00 1.774285714285714244e+00 1.982499999999999929e+00 2.498888888888888715e+00 3.181052631578947576e+00 9.017199999999999704e+01 2.855066666666666606e+02 3.751945454545454481e+02 4.805616666666666674e+02 5.255061538461538930e+02 5.786871428571428169e+02 6.187686666666667179e+02 6.531743750000000546e+02 6.734117647058823195e+02 6.957744444444444980e+02 7.044700000000000273e+02 7.327050000000000409e+02
1.000000000000000000e+00 1.000000000000000000e+00 1.040000000000000036e+00 1.110000000000000098e+00 1.176666666666666750e+00 1.262499999999999956e+00 1.435999999999999943e+00 1.593333333333333268e+00 1.689999999999999947e+00 1.979999999999999982e+00 2.661111111111110983e+00 3.140000000000000124e+00 1.273589999999999947e+02 3.141019047619047342e+02 3.545299999999999727e+02 4.570649999999999977e+02 5.335915384615384482e+02 5.928778571428571240e+02 6.176533333333333076e+02 6.558400000000000318e+02 6.726070588235294281e+02 6.977788888888889005e+02 7.195626315789473892e+02 7.170499999999999545e+02
1.000000000000000000e+00 1.060000000000000053e+00 1.050000000000000044e+00 1.139999999999999902e+00 1.186666666666666758e+00 1.227500000000000036e+00 1.441999999999999948e+00 1.593333333333333268e+00 1.702857142857142847e+00 2.132499999999999840e+00 2.603333333333333499e+00 3.148421052631579009e+00 1.264249999999999972e+02 3.068704761904762108e+02 3.763663636363636442e+02 4.849691666666666947e+02 5.337861538461538657e+02 5.801735714285714494e+02 6.171313333333333730e+02 6.483700000000000045e+02 6.773364705882353292e+02 6.944944444444444116e+02 7.167184210526315837e+02 7.237454999999999927e+02
1.000000000000000000e+00 1.020000000000000018e+00 1.070000000000000062e+00 1.139999999999999902e+00 1.169999999999999929e+00 1.254999999999999893e+00 1.352000000000000091e+00 1.526666666666666616e+00 1.735714285714285765e+00 1.962499999999999911e+00 2.671111111111111214e+00 3.165263157894736779e+00 8.098300000000000409e+01 2.991447619047618787e+02 3.758799999999999955e+02 4.586558333333333053e+02 5.505238461538461934e+02 5.831421428571428578e+02 6.130426666666667188e+02 6.556156250000000227e+02 6.707170588235294417e+02 7.003172222222221990e+02 7.148042105263158419e+02 7.317055000000000291e+02
1.000000000000000000e+00 1.000000000000000000e+00 1.030000000000000027e+00 1.110000000000000098e+00 1.219999999999999973e+00 1.209999999999999964e+00 1.485999999999999988e+00 1.518333333333333313e+00 1.727142857142857091e+00 1.876249999999999973e+00 2.819999999999999840e+00 3.012631578947368549e+00 1.591630000000000109e+02 3.047552380952380986e+02 3.716081818181818335e+02 4.624008333333333098e+02 5.414607692307691877e+02 5.910814285714285461e+02 6.205359999999999445e+02 6.478918750000000273e+02 6.735417647058823150e+02 6.884972222222222626e+02 7.145463157894737378e+02 7.243954999999999700e+02
1.000000000000000000e+00 1.040000000000000036e+00 1.060000000000000053e+00 1.114999999999999991e+00 1.173333333333333339e+00 1.314999999999999947e+00 1.372000000000000108e+00 1.513333333333333419e+00 1.595714285714285641e+00 2.134999999999999787e+00 2.484444444444444233e+00 3.155789473684210478e+00 1.055679999999999978e+02 2.905104761904761972e+02 3.644636363636363399e+02 4.419766666666666879e+02 5.495561538461538476e+02 5.885714285714285552e+02 6.221266666666666652e+02 6.473318749999999682e+02 6.769458823529412257e+02 6.888272222222221899e+02 7.134021052631578641e+02 7.275644999999999527e+02
1.000000000000000000e+00 1.040000000000000036e+00 1.040000000000000036e+00 1.155000000000000027e+00 1.146666666666666723e+00 1.252499999999999947e+00 1.356000000000000094e+00 1.546666666666666634e+00 1.781428571428571361e+00 1.912500000000000089e+00 2.462222222222222090e+00 3.267368421052631700e+00 1.140600000000000023e+02 3.071133333333333439e+02 3.737627272727272612e+02 4.648516666666666879e+02 5.581746153846154357e+02 5.887564285714286143e+02 6.251820000000000164e+02 6.416187499999999773e+02 6.721458823529411575e+02 6.942177777777777692e+02 7.151042105263157964e+02 7.232730000000000246e+02
1.000000000000000000e+00 1.040000000000000036e+00 1.050000000000000044e+00 1.084999999999999964e+00 1.206666666666666776e+00 1.262499999999999956e+00 1.370000000000000107e+00 1.513333333333333419e+00 1.661428571428571477e+00 1.978750000000000009e+00 2.472222222222222321e+00 3.287368421052631717e+00 1.078910000000000053e+02 2.970104761904761972e+02 3.675672727272727229e+02 4.641666666666666856e+02 5.437069230769230899e+02 5.896607142857143344e+02 6.256960000000000264e+02 6.503837499999999636e+02 6.703605882352941308e+02 6.986605555555555611e+02 7.136731578947368462e+02 7.324750000000000227e+02
1.000000000000000000e+00 1.040000000000000036e+00 1.060000000000000053e+00 1.064999999999999947e+00 1.206666666666666776e+00 1.252499999999999947e+00 1.415999999999999925e+00 1.544999999999999929e+00 1.687142857142857055e+00 1.996250000000000080e+00 2.359999999999999876e+00 3.289473684210526105e+00 1.295939999999999941e+02 3.093742857142856906e+02 3.567927272727272907e+02 4.695350000000000250e+02 5.347300000000000182e+02 6.044107142857143344e+02 6.282680000000000291e+02 6.468224999999999909e+02 6.867552941176470540e+02 6.882044444444444480e+02 7.064415789473683844e+02 7.291185000000000400e+02
1.000000000000000000e+00 1.020000000000000018e+00 1.070000000000000062e+00 1.070000000000000062e+00 1.213333333333333375e+00 1.290000000000000036e+00 1.397999999999999909e+00 1.486666666666666581e+00 1.748571428571428665e+00 1.895000000000000018e+00 2.604444444444444340e+00 3.094736842105263008e+00 1.573230000000000075e+02 3.238714285714285666e+02 3.638427272727272452e+02 4.759775000000000205e+02 5.547561538461538930e+02 5.794778571428571468e+02 6.051420000000000528e+02 6.517606250000000045e+02 6.799076470588234997e+02 6.931855555555555384e+02 7.131663157894736287e+02 7.288970000000000482e+02
1.000000000000000000e+00 1.000000000000000000e+00 1.070000000000000062e+00 1.120000000000000107e+00 1.213333333333333375e+00 1.207500000000000018e+00 1.374000000000000110e+00 1.465000000000000080e+00 1.644285714285714350e+00 1.979999999999999982e+00 2.543333333333333446e+00 3.376842105263158089e+00 1.830349999999999966e+02 3.085352380952380713e+02 3.731363636363636260e+02 4.687191666666666947e+02 5.444746153846153902e+02 5.855342857142857156e+02 6.365420000000000300e+02 6.471725000000000136e+02 6.684417647058824059e+02 6.957894444444444844e+02 7.153794736842105522e+02 7.241810000000000400e+02
1.000000000000000000e+00 1.020000000000000018e+00 1.060000000000000053e+00 1.104999999999999982e+00 1.183333333333333348e+00 1.270000000000000018e+00 1.334000000000000075e+00 1.570000000000000062e+00 1.654285714285714359e+00 1.968750000000000000e+00 2.625555555555555642e+00 3.138947368421052708e+00 1.201290000000000049e+02 3.009866666666666788e+02 3.545118181818181711e+02 4.381541666666666401e+02 5.392084615384615063e+02 5.828350000000000364e+02 6.126986666666666679e+02 6.635425000000000182e+02 6.669958823529411802e+02 6.960483333333332894e+02 7.114657894736842536e+02 7.286040000000000418e+02
1.000000000000000000e+00 1.040000000000000036e+00 1.070000000000000062e+00 1.149999999999999911e+00 1.146666666666666723e+00 1.310000000000000053e+00 1.393999999999999906e+00 1.576666666666666661e+00 1.654285714285714359e+00 2.002499999999999947e+00 2.622222222222222232e+00 3.162105263157894530e+00 1.131989999999999981e+02 2.858190476190476375e+02 3.674209090909091060e+02 4.587591666666666583e+02 5.429553846153845598e+02 5.886321428571428669e+02 6.203466666666666924e+02 6.489162499999999909e+02 6.872176470588235588e+02 6.968722222222222626e+02 7.112115789473683662e+02 7.310254999999999654e+02
1.000000000000000000e+00 1.000000000000000000e+00 1.030000000000000027e+00 1.114999999999999991e+00 1.236666666666666581e+00 1.304999999999999938e+00 1.344000000000000083e+00 1.465000000000000080e+00 1.702857142857142847e+00 1.937500000000000000e+00 2.582222222222222197e+00 3.196842105263157929e+00 1.518220000000000027e+02 3.249095238095238187e+02 3.689336363636363672e+02 4.752366666666666788e+02 5.339669230769230808e+02 5.875207142857142344e+02 6.227619999999999436e+02 6.448212499999999636e+02 6.719741176470588471e+02 6.982772222222222354e+02 7.109473684210526017e+02 7.209379999999999882e+02
1.000000000000000000e+00 1.020000000000000018e+00 1.040000000000000036e+00 1.125000000000000000e+00 1.169999999999999929e+00 1.260000000000000009e+00 1.320000000000000062e+00 1.583333333333333259e+00 1.797142857142857153e+00 1.997500000000000053e+00 2.575555555555555376e+00 3.106315789473684141e+00 1.166250000000000000e+02 3.008314285714285461e+02 3.555236363636363421e+02 4.839725000000000250e+02 5.539307692307692150e+02 5.928964285714286007e+02 6.262559999999999718e+02 6.515012500000000273e+02 6.822488235294117658e+02 6.925361111111111541e+02 7.179594736842104794e+02 7.252635000000000218e+02
1.000000000000000000e+00 1.020000000000000018e+00 1.050000000000000044e+00 1.120000000000000107e+00 1.143333333333333313e+00 1.277500000000000080e+00 1.413999999999999924e+00 1.536666666666666625e+00 1.622857142857142776e+00 2.000000000000000000e+00 2.482222222222222108e+00 3.062105263157894885e+00 1.344190000000000111e+02 3.197790476190476170e+02 3.741336363636363558e+02 4.596258333333333326e+02 5.224823076923076997e+02 5.933185714285714312e+02 6.268899999999999864e+02 6.482687499999999545e+02 6.704435294117647572e+02 6.925149999999999864e+02 7.000963157894736923e+02 7.292709999999999582e+02
1.000000000000000000e+00 1.020000000000000018e+00 1.050000000000000044e+00 1.114999999999999991e+00 1.176666666666666750e+00 1.217500000000000027e+00 1.399999999999999911e+00 1.541666666666666741e+00 1.774285714285714244e+00 1.998750000000000027e+00 2.470000000000000195e+00 3.075789473684210407e+00 1.089929999999999950e+02 3.069047619047619264e+02 3.686027272727272930e+02 4.667875000000000227e+02 5.288476923076923413e+02 5.872885714285714585e+02 6.304379999999999882e+02 6.449600000000000364e+02 6.711317647058823468e+02 6.922405555555556020e+02 7.200205263157894251e+02 7.281760000000000446e+02
1.000000000000000000e+00 1.080000000000000071e+00 1.080000000000000071e+00 1.114999999999999991e+00 1.186666666666666758e+00 1.254999999999999893e+00 1.395999999999999908e+00 1.528333333333333321e+00 1.692857142857142838e+00 2.023750000000000160e+00 2.553333333333333233e+00 3.402105263157894743e+00 1.046670000000000016e+02 2.921314285714285575e+02 3.644800000000000182e+02 4.807891666666666879e+02 5.355700000000000500e+02 6.011107142857142662e+02 6.286979999999999791e+02 6.662031250000000000e+02 6.734864705882353064e+02 6.945411111111111495e+02 7.128794736842105522e+02 7.238645000000000209e+02
1.000000000000000000e+00 1.020000000000000018e+00 1.090000000000000080e+00 1.120000000000000107e+00 1.163333333333333330e+00 1.242499999999999938e+00 1.346000000000000085e+00 1.544999999999999929e+00 1.727142857142857091e+00 2.023750000000000160e+00 2.614444444444444571e+00 3.005263157894736636e+00 1.257840000000000060e+02 2.995704761904761995e+02 3.623063636363636419e+02 4.774141666666666879e+02 5.320407692307692287e+02 5.948521428571428942e+02 6.269320000000000164e+02 6.475931249999999864e+02 6.702305882352941353e+02 6.903927777777777237e+02 7.081578947368420813e+02 7.321625000000000227e+02
1.000000000000000000e+00 1.000000000000000000e+00 1.070000000000000062e+00 1.135000000000000009e+00 1.203333333333333366e+00 1.290000000000000036e+00 1.340000000000000080e+00 1.554999999999999938e+00 1.687142857142857055e+00 2.044999999999999929e+00 2.604444444444444340e+00 3.186315789473684212e+00 1.208859999999999957e+02 3.061552380952380759e+02 3.699209090909091060e+02 4.929158333333333530e+02 5.376053846153846507e+02 5.908107142857143117e+02 6.315700000000000500e+02 6.498437500000000000e+02 6.700094117647058738e+02 6.935383333333332985e+02 7.235194736842105385e+02 7.293125000000000000e+02
1.000000000000000000e+00 1.020000000000000018e+00 1.030000000000000027e+00 1.120000000000000107e+00 1.173333333333333339e+00 1.377499999999999947e+00 1.350000000000000089e+00 1.538333333333333330e+00 1.810000000000000053e+00 2.055000000000000160e+00 2.453333333333333144e+00 2.915789473684210709e+00 1.120349999999999966e+02 3.092200000000000273e+02 3.463181818181818130e+02 4.922133333333333098e+02 5.425099999999999909e+02 6.022464285714286234e+02 6.263886666666667224e+02 6.577093750000000227e+02 6.721770588235293644e+02 6.970288888888889005e+02 7.193021052631578414e+02 7.245194999999999936e+02
1.000000000000000000e+00 1.020000000000000018e+00 1.040000000000000036e+00 1.145000000000000018e+00 1.196666666666666767e+00 1.310000000000000053e+00 1.318000000000000060e+00 1.510000000000000009e+00 1.781428571428571361e+00 1.899999999999999911e+00 2.541111111111111320e+00 3.047368421052631504e+00 1.386390000000000100e+02 3.041619047619047365e+02 3.666390909090908963e+02 4.570158333333333189e+02 5.480307692307692378e+02 5.787192857142856610e+02 6.238046666666666624e+02 6.470518749999999955e+02 6.832458823529411802e+02 6.921883333333333894e+02 7.095378947368420768e+02 7.261150000000000091e+02
1.000000000000000000e+00 1.000000000000000000e+00 1.040000000000000036e+00 1.094999999999999973e+00 1.236666666666666581e+00 1.330000000000000071e+00 1.358000000000000096e+00 1.548333333333333339e+00 1.735714285714285765e+00 1.937500000000000000e+00 2.541111111111111320e+00 3.122105263157894939e+00 1.492050000000000125e+02 3.035199999999999818e+02 3.587718181818181620e+02 4.636600000000000250e+02 5.502192307692307622e+02 5.931735714285714494e+02 6.188479999999999563e+02 6.471931250000000091e+02 6.657347058823529551e+02 6.897994444444444753e+02 7.135157894736842081e+02 7.248419999999999845e+02
1.000000000000000000e+00 1.040000000000000036e+00 1.070000000000000062e+00 1.114999999999999991e+00 1.143333333333333313e+00 1.312500000000000000e+00 1.403999999999999915e+00 1.568333333333333357e+00 1.688571428571428612e+00 1.951249999999999929e+00 2.556666666666666643e+00 3.060000000000000053e+00 1.229080000000000013e+02 3.128104761904762086e+02 3.532154545454545200e+02 4.741600000000000250e+02 5.501569230769230217e+02 5.887464285714286234e+02 6.218566666666666833e+02 6.422593749999999773e+02 6.662394117647058920e+02 6.906699999999999591e+02 7.076194736842105613e+02 7.385000000000000000e+02
1.000000000000000000e+00 1.000000000000000000e+00 1.080000000000000071e+00 1.114999999999999991e+00 1.239999999999999991e+00 1.212499999999999911e+00 1.360000000000000098e+00 1.550000000000000044e+00 1.752857142857142891e+00 2.044999999999999929e+00 2.589999999999999858e+00 3.196842105263157929e+00 1.488079999999999927e+02 3.086933333333333280e+02 3.559336363636363672e+02 4.781658333333333530e+02 5.437438461538461070e+02 5.970164285714286052e+02 6.257100000000000364e+02 6.565843750000000227e+02 6.815064705882352882e+02 6.932027777777777828e+02 7.198194736842104930e+02 7.256269999999999527e+02
