5.000000000000000000e+00 5.280000000000000249e+00 7.830000000000000071e+00 1.689999999999999858e+01 4.878566666666666833e+02 5.765325000000000273e+02 6.403500000000000227e+02 6.993066666666666151e+02 7.029171428571428351e+02 7.236399999999999864e+02 7.312866666666666333e+02 7.295652631578947194e+02 7.239510000000000218e+02 7.519714285714285325e+02 7.581290909090909054e+02 7.646775000000000091e+02 7.505399999999999636e+02 7.504400000000000546e+02 7.690733333333333803e+02 7.778781249999999545e+02 7.617347058823529551e+02 7.590872222222221808e+02 7.754357894736841672e+02 7.648345000000000482e+02
1.200000000000000000e+01 6.139999999999999680e+00 7.169999999999999929e+00 2.798999999999999773e+02 4.112400000000000091e+02 6.228500000000000227e+02 6.812179999999999609e+02 6.937533333333333303e+02 7.068728571428571286e+02 7.151924999999999955e+02 7.296922222222221990e+02 7.310642105263158328e+02 7.213890000000000100e+02 7.257580952380952795e+02 7.484054545454545178e+02 7.487658333333333758e+02 7.615953846153846598e+02 7.611599999999999682e+02 7.435220000000000482e+02 7.218424999999999727e+02 7.580688235294118158e+02 7.652944444444444798e+02 7.714026315789474211e+02 7.671675000000000182e+02
4.000000000000000000e+00 7.040000000000000036e+00 5.669999999999999929e+00 9.000000000000000000e+00 4.551833333333333371e+02 6.021849999999999454e+02 6.739120000000000346e+02 7.036766666666666197e+02 6.890814285714285461e+02 7.101387499999999591e+02 7.476511111111111632e+02 6.910621052631579460e+02 7.309790000000000418e+02 7.543304761904762472e+02 7.503018181818181347e+02 7.205325000000000273e+02 7.333338461538461388e+02 7.583500000000000227e+02 7.677006666666666206e+02 7.649125000000000227e+02 7.750870588235294463e+02 7.603161111111111268e+02 7.683715789473684481e+02 7.713395000000000437e+02
2.000000000000000000e+00 6.240000000000000213e+00 5.769999999999999574e+00 1.324000000000000021e+01 5.821633333333332985e+02 5.788300000000000409e+02 6.399180000000000064e+02 6.919766666666666879e+02 7.030700000000000500e+02 7.256637500000000500e+02 7.179600000000000364e+02 7.526084210526315701e+02 7.688719999999999573e+02 7.372390476190475965e+02 7.651345454545454459e+02 7.470216666666666470e+02 7.611215384615384210e+02 7.563178571428571786e+02 7.538333333333333712e+02 7.602862499999999955e+02 7.556511764705882115e+02 7.659911111111110813e+02 7.663268421052631538e+02 7.789695000000000391e+02
8.000000000000000000e+00 5.820000000000000284e+00 5.099999999999999645e+00 1.486999999999999922e+01 4.770233333333333121e+02 5.872424999999999500e+02 6.341779999999999973e+02 7.142233333333333576e+02 7.015342857142857156e+02 7.255499999999999545e+02 7.428799999999999955e+02 7.363578947368421268e+02 7.526459999999999582e+02 7.448676190476190868e+02 7.411081818181818335e+02 7.348099999999999454e+02 7.592269230769230717e+02 7.519285714285714448e+02 7.538713333333333821e+02 7.639693750000000136e+02 7.568464705882353201e+02 7.834227777777778101e+02 7.815115789473684345e+02 7.687685000000000173e+02
8.000000000000000000e+00 5.879999999999999893e+00 6.269999999999999574e+00 1.305000000000000071e+01 5.188366666666667015e+02 5.841124999999999545e+02 6.430760000000000218e+02 7.125399999999999636e+02 7.027100000000000364e+02 7.217212500000000546e+02 7.073133333333333894e+02 7.212242105263158010e+02 7.181409999999999627e+02 7.168485714285714039e+02 7.467618181818181711e+02 7.388283333333333758e+02 7.626484615384615608e+02 7.495049999999999955e+02 7.695140000000000100e+02 7.667556250000000091e+02 7.468752941176470586e+02 7.625383333333332985e+02 7.639042105263157509e+02 7.730014999999999645e+02
1.000000000000000000e+00 5.820000000000000284e+00 6.400000000000000355e+00 9.855000000000000426e+00 5.453700000000000045e+02 5.964349999999999454e+02 6.455380000000000109e+02 6.848433333333333621e+02 6.905485714285714494e+02 7.142362500000000409e+02 7.244622222222221808e+02 7.237778947368420859e+02 7.387899999999999636e+02 7.582647619047619401e+02 7.432054545454545860e+02 7.505599999999999454e+02 7.479400000000000546e+02 7.398600000000000136e+02 7.730153333333333876e+02 7.468550000000000182e+02 7.651435294117646890e+02 7.591772222222222126e+02 7.747373684210526790e+02 7.660315000000000509e+02
2.000000000000000000e+00 5.559999999999999609e+00 6.330000000000000071e+00 1.294500000000000028e+01 4.794533333333333189e+02 6.262174999999999727e+02 6.846340000000000146e+02 6.733333333333333712e+02 6.993828571428571195e+02 7.226200000000000045e+02 7.315388888888888914e+02 7.406442105263157600e+02 7.381069999999999709e+02 7.628390476190476193e+02 7.584545454545454959e+02 7.364758333333332985e+02 7.492546153846153629e+02 7.458742857142857474e+02 7.635539999999999736e+02 7.622206250000000409e+02 7.535199999999999818e+02 7.668305555555555202e+02 7.650778947368421541e+02 7.841575000000000273e+02
7.000000000000000000e+00 5.599999999999999645e+00 7.070000000000000284e+00 3.150550000000000068e+02 4.939866666666666788e+02 6.359550000000000409e+02 6.237079999999999700e+02 6.836233333333333348e+02 6.752057142857142935e+02 7.154662499999999454e+02 7.316633333333332985e+02 7.270326315789474165e+02 7.329149999999999636e+02 7.360238095238095184e+02 7.159545454545454959e+02 7.500033333333333303e+02 7.620346153846153356e+02 7.728228571428571740e+02 7.624846666666666124e+02 7.724424999999999955e+02 7.571794117647058329e+02 7.639388888888888687e+02 7.646978947368421586e+02 7.896154999999999973e+02
6.000000000000000000e+00 7.139999999999999680e+00 5.879999999999999893e+00 1.419999999999999929e+01 4.369266666666666765e+02 6.225125000000000455e+02 6.642419999999999618e+02 6.792233333333333576e+02 6.766942857142856838e+02 7.092062499999999545e+02 7.080900000000000318e+02 7.319736842105263577e+02 7.467599999999999909e+02 7.427142857142856656e+02 7.336090909090909236e+02 7.565666666666667197e+02 7.405153846153846189e+02 7.849035714285714675e+02 7.567219999999999800e+02 7.700193749999999682e+02 7.640000000000000000e+02 7.742122222222221808e+02 7.680226315789473119e+02 7.726095000000000255e+02
2.000000000000000000e+00 5.599999999999999645e+00 6.750000000000000000e+00 1.081499999999999950e+01 5.725599999999999454e+02 5.987174999999999727e+02 6.678819999999999482e+02 6.809500000000000455e+02 7.020714285714285552e+02 7.450175000000000409e+02 7.279755555555555020e+02 7.380336842105263031e+02 7.479439999999999600e+02 7.204390476190476420e+02 7.437109090909091265e+02 7.527933333333332939e+02 7.494769230769230717e+02 7.585778571428571695e+02 7.626219999999999573e+02 7.791425000000000409e+02 7.612364705882353064e+02 7.829038888888889005e+02 7.629968421052631129e+02 7.638464999999999918e+02
3.000000000000000000e+00 5.360000000000000320e+00 7.719999999999999751e+00 1.882499999999999929e+01 4.843700000000000045e+02 6.370800000000000409e+02 6.588880000000000337e+02 6.839933333333333394e+02 7.209514285714285506e+02 7.118687499999999773e+02 7.309144444444444844e+02 7.429105263157895251e+02 7.308630000000000564e+02 7.445266666666666424e+02 7.340536363636363149e+02 7.269450000000000500e+02 7.428884615384615699e+02 7.572707142857142344e+02 7.525126666666666324e+02 7.471068749999999454e+02 7.655147058823529278e+02 7.624077777777778238e+02 7.845389473684210770e+02 7.887865000000000464e+02
1.000000000000000000e+01 5.860000000000000320e+00 5.269999999999999574e+00 1.481499999999999950e+01 5.357233333333333576e+02 5.711150000000000091e+02 6.299640000000000555e+02 6.751349999999999909e+02 7.097671428571428578e+02 6.982487499999999727e+02 7.414611111111111086e+02 7.404705263157894706e+02 7.209640000000000555e+02 7.467819047619047979e+02 7.517945454545454140e+02 7.428016666666666197e+02 7.667100000000000364e+02 7.515657142857143072e+02 7.569366666666666106e+02 7.609893749999999955e+02 7.737188235294117931e+02 7.535494444444444753e+02 7.531489473684210907e+02 7.723700000000000045e+02
5.000000000000000000e+00 5.400000000000000355e+00 8.359999999999999432e+00 9.800000000000000711e+00 4.936299999999999955e+02 6.371924999999999955e+02 6.431739999999999782e+02 7.041166666666666742e+02 7.063485714285714039e+02 7.250025000000000546e+02 7.290155555555555793e+02 7.273010526315789548e+02 7.326549999999999727e+02 7.370942857142856610e+02 7.575700000000000500e+02 7.528016666666666197e+02 7.523400000000000318e+02 7.534035714285714675e+02 7.654226666666667143e+02 7.387593749999999773e+02 7.751464705882352746e+02 7.603172222222221990e+02 7.674773684210526881e+02 7.668324999999999818e+02
6.000000000000000000e+00 5.900000000000000355e+00 5.580000000000000071e+00 1.501500000000000057e+01 5.208200000000000500e+02 6.036224999999999454e+02 6.532160000000000082e+02 6.868300000000000409e+02 7.088700000000000045e+02 7.330000000000000000e+02 7.207066666666667061e+02 7.477084210526315928e+02 7.257010000000000218e+02 7.272885714285714585e+02 7.606090909090909236e+02 7.478866666666666561e+02 7.271292307692307304e+02 7.521035714285713993e+02 7.480086666666666133e+02 7.561812499999999773e+02 7.711429411764705719e+02 7.835505555555555475e+02 7.616931578947368280e+02 7.752625000000000455e+02
8.000000000000000000e+00 6.219999999999999751e+00 9.660000000000000142e+00 2.749950000000000045e+02 5.244199999999999591e+02 6.130499999999999545e+02 6.449020000000000437e+02 6.978700000000000045e+02 6.713842857142857383e+02 7.250525000000000091e+02 7.357744444444444980e+02 7.078200000000000500e+02 7.344439999999999600e+02 7.314685714285714084e+02 7.218009090909090446e+02 7.426833333333332803e+02 7.347007692307691968e+02 7.440542857142856974e+02 7.314813333333332821e+02 7.683456250000000409e+02 7.591535294117646799e+02 7.586344444444443980e+02 7.595736842105262667e+02 7.840449999999999591e+02
3.000000000000000000e+00 5.480000000000000426e+00 7.269999999999999574e+00 1.326500000000000057e+01 4.716999999999999886e+02 6.156575000000000273e+02 6.750320000000000391e+02 6.949033333333333076e+02 6.838899999999999864e+02 7.178650000000000091e+02 7.142022222222221899e+02 7.302210526315789139e+02 7.586739999999999782e+02 7.263819047619047069e+02 7.401945454545455050e+02 7.528841666666667152e+02 7.641192307692307395e+02 7.780671428571428123e+02 7.457166666666666970e+02 7.520075000000000500e+02 7.547635294117646936e+02 7.703949999999999818e+02 7.721952631578947148e+02 7.741815000000000282e+02
4.000000000000000000e+00 5.980000000000000426e+00 7.200000000000000178e+00 9.990000000000000213e+00 4.336566666666666947e+02 5.784099999999999682e+02 6.617559999999999718e+02 7.030099999999999909e+02 7.046285714285713766e+02 7.481799999999999500e+02 7.377555555555555884e+02 7.228842105263157691e+02 7.469360000000000355e+02 7.809419047619047660e+02 7.490781818181818608e+02 7.594608333333333121e+02 7.514123076923076496e+02 7.627257142857142753e+02 7.530433333333332939e+02 7.452731250000000500e+02 7.690935294117647345e+02 7.727194444444444343e+02 7.644436842105262713e+02 7.815330000000000155e+02
3.000000000000000000e+00 5.459999999999999964e+00 8.259999999999999787e+00 2.872850000000000250e+02 5.341000000000000227e+02 5.655275000000000318e+02 6.642500000000000000e+02 6.835516666666666197e+02 7.110385714285714585e+02 7.012999999999999545e+02 7.269922222222222672e+02 7.244463157894737151e+02 7.425460000000000491e+02 7.527666666666666515e+02 7.416627272727272384e+02 7.281924999999999955e+02 7.542807692307692378e+02 7.283750000000000000e+02 7.483653333333332967e+02 7.702787499999999454e+02 7.655029411764705856e+02 7.628049999999999500e+02 7.742684210526315383e+02 7.637190000000000509e+02
9.000000000000000000e+00 4.959999999999999964e+00 6.160000000000000142e+00 1.294999999999999929e+01 4.641000000000000227e+02 6.231599999999999682e+02 6.066440000000000055e+02 6.861983333333333803e+02 7.439742857142857702e+02 7.209075000000000273e+02 7.339433333333333849e+02 7.387210526315789139e+02 7.446549999999999727e+02 7.318380952380952067e+02 7.357609090909090810e+02 7.466966666666667152e+02 7.456892307692307895e+02 7.632964285714285779e+02 7.703873333333333449e+02 7.558031250000000227e+02 7.579564705882353337e+02 7.600194444444443889e+02 7.546947368421052715e+02 7.688819999999999482e+02
3.000000000000000000e+00 7.120000000000000107e+00 6.669999999999999929e+00 1.920499999999999829e+01 5.738200000000000500e+02 6.613849999999999909e+02 6.554439999999999600e+02 6.986683333333332939e+02 6.917057142857142935e+02 7.284574999999999818e+02 7.244677777777777692e+02 7.169315789473683935e+02 7.272060000000000173e+02 7.306628571428570922e+02 7.534145454545454186e+02 7.496208333333332803e+02 7.643500000000000227e+02 7.548407142857142844e+02 7.626860000000000355e+02 7.714887499999999818e+02 7.685705882352941671e+02 7.770155555555555793e+02 7.760415789473684072e+02 7.663650000000000091e+02
2.000000000000000000e+00 5.120000000000000107e+00 6.309999999999999609e+00 1.625000000000000000e+01 5.043466666666666924e+02 6.141699999999999591e+02 6.589900000000000091e+02 6.860583333333332803e+02 7.073728571428571286e+02 7.170137499999999591e+02 7.207066666666667061e+02 7.208484210526315792e+02 7.489420000000000073e+02 7.343085714285714403e+02 7.322918181818181438e+02 7.329866666666666788e+02 7.383876923076923049e+02 7.334178571428570876e+02 7.473559999999999945e+02 7.728500000000000227e+02 7.553882352941176350e+02 7.667038888888888550e+02 7.736978947368421586e+02 7.725720000000000027e+02
6.000000000000000000e+00 5.419999999999999929e+00 7.660000000000000142e+00 3.188450000000000273e+02 5.468600000000000136e+02 5.743474999999999682e+02 6.623980000000000246e+02 6.710833333333333712e+02 7.115199999999999818e+02 7.020075000000000500e+02 7.264144444444444844e+02 7.143421052631579187e+02 7.362150000000000318e+02 7.441428571428571104e+02 7.276690909090908690e+02 7.426391666666667106e+02 7.562069230769230899e+02 7.692721428571428532e+02 7.536426666666666279e+02 7.771243749999999864e+02 7.597358823529411893e+02 7.857527777777777374e+02 7.591821052631579505e+02 7.619864999999999782e+02
1.200000000000000000e+01 6.080000000000000071e+00 7.469999999999999751e+00 1.477800000000000011e+02 5.217699999999999818e+02 6.136525000000000318e+02 6.695199999999999818e+02 7.063016666666666197e+02 6.958457142857142799e+02 7.067212500000000546e+02 7.148644444444444161e+02 7.613652631578947876e+02 7.134729999999999563e+02 7.626447619047619355e+02 7.450936363636363922e+02 7.427050000000000409e+02 7.755415384615384937e+02 7.170078571428571195e+02 7.454279999999999973e+02 7.770974999999999682e+02 7.584335294117646527e+02 7.515022222222222581e+02 7.723115789473683890e+02 7.596789999999999736e+02
4.000000000000000000e+00 5.860000000000000320e+00 6.169999999999999929e+00 8.894999999999999574e+00 5.350766666666667106e+02 6.338025000000000091e+02 6.493780000000000427e+02 6.839149999999999636e+02 6.991142857142857565e+02 7.055987499999999955e+02 7.289466666666667152e+02 7.470852631578947012e+02 7.147530000000000427e+02 7.404057142857143390e+02 7.521927272727273248e+02 7.643799999999999955e+02 7.696269230769230489e+02 7.608228571428571740e+02 7.728753333333332876e+02 7.712200000000000273e+02 7.658358823529412120e+02 7.631599999999999682e+02 7.836289473684211089e+02 7.473129999999999882e+02
