1.000000000000000000e+00 1.000000000000000000e+00 1.090000000000000080e+00 1.149999999999999911e+00 1.186666666666666758e+00 1.272499999999999964e+00 1.417999999999999927e+00 1.550000000000000044e+00 1.711428571428571521e+00 2.026250000000000107e+00 2.493333333333333179e+00 3.250526315789473486e+00 1.665730000000000075e+02 3.848266666666666538e+02 4.494090909090909349e+02 5.140883333333333667e+02 5.730092307692307259e+02 6.018771428571428714e+02 6.281593333333332794e+02 6.523049999999999500e+02 6.812999999999999545e+02 6.917955555555555520e+02 7.171526315789474211e+02 7.291190000000000282e+02
1.000000000000000000e+00 1.040000000000000036e+00 1.040000000000000036e+00 1.125000000000000000e+00 1.163333333333333330e+00 1.254999999999999893e+00 1.399999999999999911e+00 1.543333333333333224e+00 1.741428571428571326e+00 1.972499999999999920e+00 2.655555555555555447e+00 3.043157894736842284e+00 1.408050000000000068e+02 3.937028571428571695e+02 4.506072727272727434e+02 5.218875000000000455e+02 5.588884615384615699e+02 5.891921428571428123e+02 6.343806666666666843e+02 6.506825000000000045e+02 6.684352941176470040e+02 7.006155555555556020e+02 7.146499999999999773e+02 7.266634999999999991e+02
1.000000000000000000e+00 1.020000000000000018e+00 1.080000000000000071e+00 1.120000000000000107e+00 1.176666666666666750e+00 1.267500000000000071e+00 1.407999999999999918e+00 1.388333333333333419e+00 1.668571428571428594e+00 1.993749999999999911e+00 2.673333333333333339e+00 3.222105263157894584e+00 1.560190000000000055e+02 3.875361904761904839e+02 4.445809090909090742e+02 5.126383333333333212e+02 5.612607692307692560e+02 5.909607142857142890e+02 6.267886666666666997e+02 6.630912499999999454e+02 6.746317647058823468e+02 6.876427777777777237e+02 7.215099999999999909e+02 7.239234999999999900e+02
1.000000000000000000e+00 1.000000000000000000e+00 1.040000000000000036e+00 1.100000000000000089e+00 1.176666666666666750e+00 1.277500000000000080e+00 1.379999999999999893e+00 1.481666666666666687e+00 1.707142857142857073e+00 1.992499999999999938e+00 2.697777777777777608e+00 2.905263157894736992e+00 1.420209999999999866e+02 4.009933333333333394e+02 4.516399999999999864e+02 5.103833333333333258e+02 5.547530769230769465e+02 6.031107142857142662e+02 6.202366666666666788e+02 6.545806250000000546e+02 6.605729411764706356e+02 7.000072222222222535e+02 7.147752631578947558e+02 7.311169999999999618e+02
1.000000000000000000e+00 1.000000000000000000e+00 1.030000000000000027e+00 1.135000000000000009e+00 1.176666666666666750e+00 1.219999999999999973e+00 1.364000000000000101e+00 1.501666666666666705e+00 1.781428571428571361e+00 1.916250000000000009e+00 2.507777777777777661e+00 3.045263157894736672e+00 1.327839999999999918e+02 3.816619047619047365e+02 4.525199999999999818e+02 5.172666666666666515e+02 5.675830769230768738e+02 5.982628571428571149e+02 6.303426666666666733e+02 6.603799999999999955e+02 6.828347058823529778e+02 7.043488888888888368e+02 7.193842105263157691e+02 7.255025000000000546e+02
1.000000000000000000e+00 1.020000000000000018e+00 1.030000000000000027e+00 1.145000000000000018e+00 1.206666666666666776e+00 1.245000000000000107e+00 1.433999999999999941e+00 1.493333333333333401e+00 1.707142857142857073e+00 2.076249999999999929e+00 2.625555555555555642e+00 3.359999999999999876e+00 1.601980000000000075e+02 3.909371428571428737e+02 4.434372727272727275e+02 5.226641666666666879e+02 5.694961538461539021e+02 5.901814285714285688e+02 6.293260000000000218e+02 6.482756249999999909e+02 6.867741176470588016e+02 7.016411111111110586e+02 7.197073684210525926e+02 7.278305000000000291e+02
1.000000000000000000e+00 1.040000000000000036e+00 1.050000000000000044e+00 1.090000000000000080e+00 1.209999999999999964e+00 1.242499999999999938e+00 1.423999999999999932e+00 1.449999999999999956e+00 1.765714285714285792e+00 1.985000000000000098e+00 2.408888888888888857e+00 3.230526315789473468e+00 1.234339999999999975e+02 3.860895238095238255e+02 4.544427272727272680e+02 5.007491666666666674e+02 5.536884615384615245e+02 5.885335714285714630e+02 6.265206666666666706e+02 6.527043750000000273e+02 6.721582352941176168e+02 6.990194444444443889e+02 7.173910526315789866e+02 7.361915000000000191e+02
1.000000000000000000e+00 1.040000000000000036e+00 1.040000000000000036e+00 1.149999999999999911e+00 1.213333333333333375e+00 1.277500000000000080e+00 1.370000000000000107e+00 1.493333333333333401e+00 1.620000000000000107e+00 2.011249999999999982e+00 2.451111111111111018e+00 3.028421052631578902e+00 1.069909999999999997e+02 3.915171428571428578e+02 4.448745454545454550e+02 5.026125000000000114e+02 5.532161538461538157e+02 5.887357142857142662e+02 6.350326666666666142e+02 6.519243750000000546e+02 6.698564705882353110e+02 6.986583333333333030e+02 7.140068421052631038e+02 7.339565000000000055e+02
1.000000000000000000e+00 1.020000000000000018e+00 1.050000000000000044e+00 1.104999999999999982e+00 1.186666666666666758e+00 1.270000000000000018e+00 1.397999999999999909e+00 1.538333333333333330e+00 1.712857142857142856e+00 1.967500000000000027e+00 2.635555555555555429e+00 3.067368421052631522e+00 1.318489999999999895e+02 3.817219047619047387e+02 4.467272727272727479e+02 5.128474999999999682e+02 5.620223076923076633e+02 5.966950000000000500e+02 6.288213333333333139e+02 6.519106249999999818e+02 6.791952941176471086e+02 6.988166666666667197e+02 7.097936842105262940e+02 7.292084999999999582e+02
1.000000000000000000e+00 1.020000000000000018e+00 1.050000000000000044e+00 1.034999999999999920e+00 1.199999999999999956e+00 1.290000000000000036e+00 1.328000000000000069e+00 1.479999999999999982e+00 1.701428571428571512e+00 2.141249999999999876e+00 2.591111111111111143e+00 3.185263157894736796e+00 9.331100000000000705e+01 3.861523809523809518e+02 4.421318181818181756e+02 5.224266666666666197e+02 5.614653846153846644e+02 5.920857142857142890e+02 6.324320000000000164e+02 6.532318749999999454e+02 6.806258823529411757e+02 6.979666666666666970e+02 7.092484210526315564e+02 7.317809999999999491e+02
1.000000000000000000e+00 1.020000000000000018e+00 1.030000000000000027e+00 1.149999999999999911e+00 1.213333333333333375e+00 1.287500000000000089e+00 1.377999999999999892e+00 1.523333333333333428e+00 1.634285714285714342e+00 2.011249999999999982e+00 2.687777777777777821e+00 3.391578947368421026e+00 1.315190000000000055e+02 3.851190476190475920e+02 4.488763636363636351e+02 5.162100000000000364e+02 5.728430769230769783e+02 5.945092857142857383e+02 6.279033333333333076e+02 6.494787499999999909e+02 6.740647058823529960e+02 6.962077777777777783e+02 7.034652631578946966e+02 7.307865000000000464e+02
1.000000000000000000e+00 1.040000000000000036e+00 1.020000000000000018e+00 1.084999999999999964e+00 1.189999999999999947e+00 1.274999999999999911e+00 1.334000000000000075e+00 1.581666666666666776e+00 1.701428571428571512e+00 1.978750000000000009e+00 2.781111111111111089e+00 2.996842105263157752e+00 1.314139999999999873e+02 3.960828571428571649e+02 4.606954545454545382e+02 4.989975000000000023e+02 5.584130769230769147e+02 6.023807142857142480e+02 6.275133333333333212e+02 6.520724999999999909e+02 6.723664705882353019e+02 6.921427777777777237e+02 7.148084210526316156e+02 7.364255000000000564e+02
1.000000000000000000e+00 1.060000000000000053e+00 1.060000000000000053e+00 1.129999999999999893e+00 1.226666666666666572e+00 1.247500000000000053e+00 1.405999999999999917e+00 1.574999999999999956e+00 1.785714285714285809e+00 1.896249999999999991e+00 2.495555555555555749e+00 3.011578947368421133e+00 1.721579999999999870e+02 3.902780952380952613e+02 4.525400000000000205e+02 5.143983333333333121e+02 5.601907692307692059e+02 5.956371428571428623e+02 6.239980000000000473e+02 6.552537499999999682e+02 6.860394117647058465e+02 6.899716666666666924e+02 7.126931578947368280e+02 7.243194999999999482e+02
1.000000000000000000e+00 1.020000000000000018e+00 1.010000000000000009e+00 1.110000000000000098e+00 1.209999999999999964e+00 1.254999999999999893e+00 1.393999999999999906e+00 1.521666666666666723e+00 1.752857142857142891e+00 2.009999999999999787e+00 2.484444444444444233e+00 3.135789473684210460e+00 1.729590000000000032e+02 3.806485714285714153e+02 4.539609090909090696e+02 5.204933333333333394e+02 5.548330769230768738e+02 6.003007142857143208e+02 6.238659999999999854e+02 6.596549999999999727e+02 6.721941176470588744e+02 6.979094444444444889e+02 7.145184210526315383e+02 7.279930000000000518e+02
1.000000000000000000e+00 1.040000000000000036e+00 1.060000000000000053e+00 1.110000000000000098e+00 1.186666666666666758e+00 1.334999999999999964e+00 1.334000000000000075e+00 1.508333333333333304e+00 1.648571428571428577e+00 2.032500000000000195e+00 2.655555555555555447e+00 3.270526315789473504e+00 1.435190000000000055e+02 3.910857142857142890e+02 4.417627272727272612e+02 5.204125000000000227e+02 5.709199999999999591e+02 6.023957142857142344e+02 6.280526666666667097e+02 6.473912500000000136e+02 6.791635294117646708e+02 6.923644444444444161e+02 7.103542105263157964e+02 7.187604999999999791e+02
1.000000000000000000e+00 1.020000000000000018e+00 1.050000000000000044e+00 1.120000000000000107e+00 1.193333333333333357e+00 1.307500000000000107e+00 1.401999999999999913e+00 1.533333333333333437e+00 1.778571428571428470e+00 2.078749999999999876e+00 2.451111111111111018e+00 3.298947368421052850e+00 1.815970000000000084e+02 3.914495238095237823e+02 4.401027272727272930e+02 5.069750000000000227e+02 5.630269230769230262e+02 5.981699999999999591e+02 6.193859999999999673e+02 6.527168749999999591e+02 6.774717647058823786e+02 6.952255555555555020e+02 7.113336842105263713e+02 7.288880000000000337e+02
1.000000000000000000e+00 1.020000000000000018e+00 1.020000000000000018e+00 1.114999999999999991e+00 1.156666666666666732e+00 1.202499999999999902e+00 1.294000000000000039e+00 1.541666666666666741e+00 1.718571428571428639e+00 2.044999999999999929e+00 2.651111111111111196e+00 3.481052631578947398e+00 1.411819999999999879e+02 3.934180952380952476e+02 4.554654545454545200e+02 5.127641666666667106e+02 5.600938461538461297e+02 6.027357142857142662e+02 6.172859999999999445e+02 6.569681249999999864e+02 6.782100000000000364e+02 6.977166666666666970e+02 7.133442105263158055e+02 7.272765000000000555e+02
1.000000000000000000e+00 1.020000000000000018e+00 1.010000000000000009e+00 1.110000000000000098e+00 1.199999999999999956e+00 1.312500000000000000e+00 1.409999999999999920e+00 1.465000000000000080e+00 1.711428571428571521e+00 1.962499999999999911e+00 2.427777777777777590e+00 3.373684210526315841e+00 1.216370000000000005e+02 3.849571428571428555e+02 4.363663636363636442e+02 5.141608333333333576e+02 5.791269230769230489e+02 5.929092857142857156e+02 6.361440000000000055e+02 6.586506249999999909e+02 6.751282352941176441e+02 6.809144444444444844e+02 7.164621052631579232e+02 7.317844999999999800e+02
1.000000000000000000e+00 1.080000000000000071e+00 1.070000000000000062e+00 1.094999999999999973e+00 1.166666666666666741e+00 1.320000000000000062e+00 1.338000000000000078e+00 1.495000000000000107e+00 1.738571428571428656e+00 2.004999999999999893e+00 2.408888888888888857e+00 3.268421052631579116e+00 1.157210000000000036e+02 3.946838095238095434e+02 4.511663636363636556e+02 5.056908333333333303e+02 5.757515384615384164e+02 6.021014285714285279e+02 6.168419999999999845e+02 6.503987499999999500e+02 6.861041176470588425e+02 6.990977777777777646e+02 7.130047368421052170e+02 7.321159999999999854e+02
1.000000000000000000e+00 1.020000000000000018e+00 1.050000000000000044e+00 1.060000000000000053e+00 1.156666666666666732e+00 1.312500000000000000e+00 1.377999999999999892e+00 1.544999999999999929e+00 1.659999999999999920e+00 2.056249999999999911e+00 2.456666666666666554e+00 3.023157894736842266e+00 1.162240000000000038e+02 3.981200000000000045e+02 4.476890909090909076e+02 5.068141666666666652e+02 5.584892307692307440e+02 5.968300000000000409e+02 6.396646666666666761e+02 6.535231250000000500e+02 6.792064705882353337e+02 6.969583333333333712e+02 7.160042105263157737e+02 7.349900000000000091e+02
1.000000000000000000e+00 1.040000000000000036e+00 1.060000000000000053e+00 1.084999999999999964e+00 1.253333333333333410e+00 1.292499999999999982e+00 1.441999999999999948e+00 1.463333333333333375e+00 1.699999999999999956e+00 2.024999999999999911e+00 2.779999999999999805e+00 3.220000000000000195e+00 1.255259999999999962e+02 3.873676190476190300e+02 4.434309090909090969e+02 4.937200000000000273e+02 5.620953846153846598e+02 5.826050000000000182e+02 6.356319999999999482e+02 6.455950000000000273e+02 6.813135294117647618e+02 6.949744444444444298e+02 7.133384210526315883e+02 7.241970000000000027e+02
1.000000000000000000e+00 1.040000000000000036e+00 1.040000000000000036e+00 1.100000000000000089e+00 1.223333333333333384e+00 1.310000000000000053e+00 1.356000000000000094e+00 1.513333333333333419e+00 1.755714285714285783e+00 2.013749999999999929e+00 2.509999999999999787e+00 3.017894736842105186e+00 1.769430000000000121e+02 3.852552380952380986e+02 4.423854545454545359e+02 5.116583333333333599e+02 5.564346153846154266e+02 6.019685714285714084e+02 6.251546666666666852e+02 6.520212500000000091e+02 6.807458823529411802e+02 6.943205555555555293e+02 7.230315789473684163e+02 7.312140000000000555e+02
1.000000000000000000e+00 1.060000000000000053e+00 1.050000000000000044e+00 1.094999999999999973e+00 1.193333333333333357e+00 1.252499999999999947e+00 1.375999999999999890e+00 1.538333333333333330e+00 1.785714285714285809e+00 1.909999999999999920e+00 2.495555555555555749e+00 3.068421052631578938e+00 1.712649999999999864e+02 3.999638095238095161e+02 4.449872727272727388e+02 5.085958333333333599e+02 5.588592307692307486e+02 5.962542857142857429e+02 6.357593333333333021e+02 6.598656250000000227e+02 6.847300000000000182e+02 6.952572222222222535e+02 7.089952631578947830e+02 7.353160000000000309e+02
1.000000000000000000e+00 1.000000000000000000e+00 1.070000000000000062e+00 1.129999999999999893e+00 1.179999999999999938e+00 1.370000000000000107e+00 1.447999999999999954e+00 1.503333333333333410e+00 1.685714285714285721e+00 2.048750000000000071e+00 2.540000000000000036e+00 3.169473684210526443e+00 1.339600000000000080e+02 3.815190476190476261e+02 4.420263636363636124e+02 5.249533333333333758e+02 5.599469230769230990e+02 6.026821428571428214e+02 6.224706666666667161e+02 6.467350000000000136e+02 6.698370588235294463e+02 6.928038888888888778e+02 7.173778947368421086e+02 7.252884999999999991e+02
1.000000000000000000e+00 1.000000000000000000e+00 1.070000000000000062e+00 1.080000000000000071e+00 1.179999999999999938e+00 1.284999999999999920e+00 1.403999999999999915e+00 1.476666666666666572e+00 1.697142857142857064e+00 1.995000000000000107e+00 2.496666666666666590e+00 3.291578947368420938e+00 9.711199999999999477e+01 3.781676190476190413e+02 4.383572727272727434e+02 5.152925000000000182e+02 5.694530769230768783e+02 5.869085714285714630e+02 6.269773333333333767e+02 6.503968750000000227e+02 6.847394117647058920e+02 6.893877777777777283e+02 7.123557894736842400e+02 7.194909999999999854e+02
