1.000000000000000000e+00 1.040000000000000036e+00 1.090000000000000080e+00 1.104999999999999982e+00 1.173333333333333339e+00 1.197500000000000009e+00 1.294000000000000039e+00 1.485000000000000098e+00 1.724285714285714199e+00 2.053749999999999964e+00 2.536666666666666625e+00 3.031578947368421151e+00 1.248940000000000055e+02 3.118209523809524057e+02 3.885745454545454436e+02 4.684708333333333599e+02 5.147007692307691968e+02 5.713342857142856701e+02 6.088373333333332766e+02 6.471393749999999727e+02 6.661552941176470313e+02 6.809233333333332894e+02 7.059142105263157418e+02 7.199700000000000273e+02
1.000000000000000000e+00 1.040000000000000036e+00 1.080000000000000071e+00 1.125000000000000000e+00 1.183333333333333348e+00 1.302499999999999991e+00 1.374000000000000110e+00 1.536666666666666625e+00 1.728571428571428648e+00 2.081249999999999822e+00 2.535555555555555340e+00 3.021052631578947434e+00 1.700140000000000100e+02 3.051857142857143117e+02 3.756454545454545269e+02 4.700541666666666742e+02 5.248400000000000318e+02 5.726399999999999864e+02 6.039793333333333294e+02 6.379712500000000546e+02 6.674529411764706310e+02 6.848116666666666106e+02 6.966078947368421268e+02 7.196870000000000118e+02
1.000000000000000000e+00 1.020000000000000018e+00 1.040000000000000036e+00 1.120000000000000107e+00 1.213333333333333375e+00 1.225000000000000089e+00 1.391999999999999904e+00 1.479999999999999982e+00 1.725714285714285756e+00 1.946250000000000036e+00 2.474444444444444446e+00 3.171578947368420831e+00 1.522980000000000018e+02 3.109209523809523716e+02 3.917418181818181893e+02 4.702716666666666470e+02 5.280076923076923094e+02 5.734257142857143208e+02 6.190353333333333694e+02 6.381406250000000000e+02 6.564676470588235588e+02 6.871711111111111450e+02 7.028847368421052124e+02 7.271734999999999900e+02
1.000000000000000000e+00 1.000000000000000000e+00 1.050000000000000044e+00 1.135000000000000009e+00 1.166666666666666741e+00 1.312500000000000000e+00 1.377999999999999892e+00 1.478333333333333277e+00 1.649999999999999911e+00 1.991249999999999964e+00 2.398888888888889070e+00 3.203157894736841982e+00 1.252469999999999999e+02 3.112542857142856860e+02 3.806645454545454754e+02 4.762933333333333508e+02 5.261423076923076678e+02 5.634349999999999454e+02 6.088193333333333612e+02 6.407587499999999636e+02 6.553441176470588516e+02 6.823099999999999454e+02 6.954431578947368280e+02 7.315045000000000073e+02
1.000000000000000000e+00 1.040000000000000036e+00 1.070000000000000062e+00 1.139999999999999902e+00 1.199999999999999956e+00 1.287500000000000089e+00 1.407999999999999918e+00 1.556666666666666643e+00 1.654285714285714359e+00 2.006250000000000089e+00 2.604444444444444340e+00 3.005263157894736636e+00 9.368800000000000239e+01 3.131847619047618991e+02 3.732445454545454595e+02 4.736650000000000205e+02 5.259053846153846052e+02 5.710064285714286143e+02 6.074053333333333740e+02 6.309931249999999636e+02 6.609223529411764275e+02 6.846405555555555793e+02 7.044010526315789775e+02 7.210539999999999736e+02
1.000000000000000000e+00 1.000000000000000000e+00 1.080000000000000071e+00 1.135000000000000009e+00 1.179999999999999938e+00 1.322500000000000009e+00 1.377999999999999892e+00 1.534999999999999920e+00 1.752857142857142891e+00 1.917499999999999982e+00 2.578888888888888786e+00 3.092631578947368620e+00 1.204839999999999947e+02 3.135819047619047524e+02 3.963881818181818062e+02 4.660008333333333326e+02 5.271738461538461706e+02 5.735735714285714266e+02 6.038093333333333703e+02 6.294593750000000227e+02 6.622876470588234952e+02 6.857538888888889232e+02 7.032973684210526244e+02 7.168284999999999627e+02
1.000000000000000000e+00 1.020000000000000018e+00 1.060000000000000053e+00 1.104999999999999982e+00 1.169999999999999929e+00 1.252499999999999947e+00 1.379999999999999893e+00 1.566666666666666652e+00 1.724285714285714199e+00 2.041249999999999787e+00 2.693333333333333357e+00 3.003157894736842248e+00 1.744269999999999925e+02 3.311238095238095411e+02 3.855045454545454504e+02 4.733508333333333553e+02 5.222261538461538066e+02 5.683300000000000409e+02 6.097746666666666897e+02 6.455199999999999818e+02 6.635911764705882661e+02 6.860533333333332848e+02 7.058115789473683890e+02 7.182264999999999873e+02
1.000000000000000000e+00 1.020000000000000018e+00 1.040000000000000036e+00 1.135000000000000009e+00 1.146666666666666723e+00 1.280000000000000027e+00 1.395999999999999908e+00 1.550000000000000044e+00 1.652857142857142803e+00 2.049999999999999822e+00 2.508888888888888946e+00 2.946315789473683999e+00 1.608329999999999984e+02 3.251990476190476329e+02 3.930536363636363717e+02 4.610633333333333326e+02 5.317115384615384528e+02 5.612471428571428760e+02 6.202259999999999991e+02 6.399600000000000364e+02 6.647799999999999727e+02 6.857200000000000273e+02 7.063089473684210589e+02 7.217884999999999991e+02
1.000000000000000000e+00 1.020000000000000018e+00 1.050000000000000044e+00 1.100000000000000089e+00 1.129999999999999893e+00 1.232499999999999929e+00 1.401999999999999913e+00 1.593333333333333268e+00 1.717142857142857082e+00 2.071250000000000036e+00 2.581111111111110912e+00 3.045263157894736672e+00 1.631220000000000141e+02 3.212657142857142958e+02 3.671036363636363831e+02 4.565708333333333258e+02 5.332461538461539021e+02 5.687828571428570967e+02 6.096786666666666861e+02 6.367356250000000273e+02 6.600041176470588198e+02 6.873311111111111131e+02 7.034573684210525926e+02 7.255700000000000500e+02
1.000000000000000000e+00 1.000000000000000000e+00 1.100000000000000089e+00 1.120000000000000107e+00 1.233333333333333393e+00 1.225000000000000089e+00 1.461999999999999966e+00 1.616666666666666696e+00 1.760000000000000009e+00 2.035000000000000142e+00 2.445555555555555483e+00 3.134736842105263044e+00 1.403009999999999877e+02 3.163533333333333530e+02 3.802090909090908895e+02 4.630816666666666492e+02 5.218592307692307486e+02 5.755957142857142799e+02 6.058266666666667106e+02 6.261918749999999818e+02 6.582999999999999545e+02 6.916177777777777465e+02 7.025836842105263713e+02 7.296849999999999454e+02
1.000000000000000000e+00 1.020000000000000018e+00 1.070000000000000062e+00 1.120000000000000107e+00 1.163333333333333330e+00 1.270000000000000018e+00 1.425999999999999934e+00 1.503333333333333410e+00 1.711428571428571521e+00 1.972499999999999920e+00 2.557777777777777928e+00 3.272631578947368336e+00 1.513890000000000100e+02 3.135342857142857156e+02 3.979645454545454299e+02 4.570475000000000136e+02 5.321415384615385165e+02 5.821971428571428078e+02 6.055946666666666260e+02 6.410031249999999545e+02 6.627117647058823877e+02 6.857777777777778283e+02 7.043226315789473801e+02 7.225810000000000173e+02
1.000000000000000000e+00 1.020000000000000018e+00 1.060000000000000053e+00 1.104999999999999982e+00 1.239999999999999991e+00 1.225000000000000089e+00 1.264000000000000012e+00 1.523333333333333428e+00 1.628571428571428559e+00 1.942499999999999893e+00 2.601111111111110930e+00 3.186315789473684212e+00 1.331599999999999966e+02 3.173180952380952249e+02 3.682390909090909190e+02 4.644049999999999727e+02 5.325861538461538203e+02 5.845085714285713721e+02 6.066673333333333176e+02 6.409231250000000273e+02 6.618952941176470404e+02 6.796449999999999818e+02 7.080626315789473892e+02 7.231145000000000209e+02
1.000000000000000000e+00 1.020000000000000018e+00 1.080000000000000071e+00 1.110000000000000098e+00 1.193333333333333357e+00 1.239999999999999991e+00 1.379999999999999893e+00 1.578333333333333366e+00 1.548571428571428488e+00 2.091250000000000053e+00 2.399999999999999911e+00 3.126315789473684159e+00 1.210040000000000049e+02 3.254323809523809246e+02 3.870127272727272612e+02 4.536833333333333371e+02 5.236299999999999955e+02 5.730485714285714494e+02 6.072033333333333758e+02 6.385000000000000000e+02 6.580870588235294463e+02 6.906294444444444025e+02 7.021078947368421268e+02 7.230910000000000082e+02
1.000000000000000000e+00 1.040000000000000036e+00 1.030000000000000027e+00 1.125000000000000000e+00 1.219999999999999973e+00 1.235000000000000098e+00 1.423999999999999932e+00 1.524999999999999911e+00 1.675714285714285712e+00 2.006250000000000089e+00 2.525555555555555554e+00 3.187368421052631628e+00 1.223529999999999944e+02 3.179933333333333394e+02 4.013581818181818335e+02 4.727791666666666401e+02 5.243076923076922640e+02 5.650385714285714585e+02 6.050846666666666351e+02 6.444025000000000318e+02 6.590147058823529278e+02 6.852811111111111586e+02 7.040768421052631538e+02 7.168875000000000455e+02
1.000000000000000000e+00 1.040000000000000036e+00 1.050000000000000044e+00 1.110000000000000098e+00 1.229999999999999982e+00 1.247500000000000053e+00 1.405999999999999917e+00 1.523333333333333428e+00 1.777142857142857135e+00 2.013749999999999929e+00 2.571111111111111125e+00 2.949473684210526248e+00 1.181159999999999997e+02 3.304028571428571581e+02 3.734645454545454299e+02 4.737041666666666515e+02 5.356384615384615699e+02 5.765185714285714766e+02 5.957633333333333212e+02 6.285743750000000318e+02 6.727405882352941262e+02 6.929327777777778010e+02 7.038326315789473711e+02 7.206375000000000455e+02
1.000000000000000000e+00 1.000000000000000000e+00 1.010000000000000009e+00 1.205000000000000071e+00 1.179999999999999938e+00 1.264999999999999902e+00 1.439999999999999947e+00 1.501666666666666705e+00 1.714285714285714191e+00 1.933750000000000080e+00 2.385555555555555429e+00 3.332631578947368389e+00 1.462510000000000048e+02 3.220428571428571445e+02 3.735572727272727320e+02 4.695041666666666629e+02 5.298961538461538794e+02 5.780178571428571104e+02 6.049706666666667161e+02 6.427212500000000546e+02 6.687023529411765139e+02 6.825766666666667106e+02 7.021163157894736742e+02 7.219595000000000482e+02
1.000000000000000000e+00 1.020000000000000018e+00 1.050000000000000044e+00 1.120000000000000107e+00 1.176666666666666750e+00 1.270000000000000018e+00 1.433999999999999941e+00 1.466666666666666563e+00 1.761428571428571344e+00 2.032500000000000195e+00 2.543333333333333446e+00 3.138947368421052708e+00 1.125130000000000052e+02 3.131904761904762040e+02 3.890063636363636306e+02 4.771933333333333280e+02 5.261753846153845871e+02 5.719835714285713948e+02 6.061813333333333276e+02 6.367118749999999636e+02 6.601123529411764821e+02 6.886288888888889232e+02 7.076594736842105249e+02 7.176219999999999573e+02
1.000000000000000000e+00 1.000000000000000000e+00 1.050000000000000044e+00 1.120000000000000107e+00 1.209999999999999964e+00 1.320000000000000062e+00 1.389999999999999902e+00 1.483333333333333393e+00 1.702857142857142847e+00 2.076249999999999929e+00 2.524444444444444269e+00 2.889473684210526194e+00 1.170829999999999984e+02 3.184352380952381054e+02 3.726763636363636465e+02 4.641225000000000023e+02 5.199292307692307986e+02 5.776071428571428896e+02 6.037253333333333103e+02 6.350718749999999773e+02 6.728505882352941398e+02 6.897244444444444298e+02 7.038515789473684663e+02 7.205789999999999509e+02
1.000000000000000000e+00 1.000000000000000000e+00 1.129999999999999893e+00 1.120000000000000107e+00 1.186666666666666758e+00 1.314999999999999947e+00 1.385999999999999899e+00 1.544999999999999929e+00 1.691428571428571503e+00 1.979999999999999982e+00 2.491111111111111054e+00 3.136842105263157876e+00 1.325689999999999884e+02 3.150695238095237869e+02 3.733127272727272725e+02 4.697091666666666470e+02 5.200884615384615017e+02 5.723500000000000227e+02 6.138920000000000528e+02 6.294206249999999727e+02 6.631258823529411757e+02 6.771666666666666288e+02 7.048552631578946830e+02 7.281549999999999727e+02
1.000000000000000000e+00 1.020000000000000018e+00 1.050000000000000044e+00 1.104999999999999982e+00 1.183333333333333348e+00 1.272499999999999964e+00 1.342000000000000082e+00 1.503333333333333410e+00 1.805714285714285605e+00 2.023750000000000160e+00 2.544444444444444287e+00 2.991578947368421115e+00 1.757729999999999961e+02 3.106761904761904702e+02 3.874063636363636647e+02 4.668283333333333189e+02 5.212153846153846644e+02 5.697407142857142617e+02 6.123073333333333039e+02 6.289025000000000318e+02 6.561788235294117158e+02 6.858483333333333576e+02 7.031363157894736560e+02 7.266539999999999964e+02
1.000000000000000000e+00 1.000000000000000000e+00 1.040000000000000036e+00 1.110000000000000098e+00 1.186666666666666758e+00 1.317499999999999893e+00 1.387999999999999901e+00 1.486666666666666581e+00 1.685714285714285721e+00 1.961249999999999938e+00 2.458888888888888680e+00 3.467368421052631433e+00 1.450039999999999907e+02 3.312247619047619196e+02 3.738472727272727525e+02 4.710491666666666788e+02 5.207592307692307259e+02 5.648457142857142799e+02 6.043559999999999945e+02 6.355874999999999773e+02 6.619676470588235588e+02 6.869299999999999500e+02 7.076584210526315246e+02 7.247585000000000264e+02
1.000000000000000000e+00 1.000000000000000000e+00 1.020000000000000018e+00 1.094999999999999973e+00 1.233333333333333393e+00 1.282499999999999973e+00 1.449999999999999956e+00 1.511666666666666714e+00 1.702857142857142847e+00 2.016249999999999876e+00 2.533333333333333215e+00 2.885263157894736974e+00 1.461719999999999970e+02 3.104209523809523716e+02 3.725281818181817926e+02 4.639200000000000159e+02 5.290900000000000318e+02 5.676307142857142480e+02 6.133206666666666251e+02 6.349593750000000227e+02 6.521394117647058692e+02 6.844116666666666333e+02 7.127047368421052624e+02 7.180700000000000500e+02
1.000000000000000000e+00 1.060000000000000053e+00 1.050000000000000044e+00 1.084999999999999964e+00 1.193333333333333357e+00 1.257500000000000062e+00 1.409999999999999920e+00 1.520000000000000018e+00 1.718571428571428639e+00 2.018749999999999822e+00 2.680000000000000160e+00 3.105263157894736725e+00 8.479600000000000648e+01 3.240304761904761790e+02 3.700809090909090742e+02 4.628299999999999841e+02 5.306369230769230398e+02 5.598721428571428760e+02 6.155846666666666351e+02 6.444587500000000091e+02 6.624123529411764366e+02 6.779900000000000091e+02 7.057742105263157555e+02 7.135054999999999836e+02
1.000000000000000000e+00 1.020000000000000018e+00 1.080000000000000071e+00 1.084999999999999964e+00 1.183333333333333348e+00 1.260000000000000009e+00 1.397999999999999909e+00 1.513333333333333419e+00 1.674285714285714377e+00 2.073749999999999982e+00 2.453333333333333144e+00 3.170526315789473859e+00 1.630149999999999864e+02 3.134228571428571399e+02 3.903727272727272748e+02 4.713691666666666720e+02 5.329161538461538612e+02 5.684500000000000455e+02 6.092820000000000391e+02 6.383818750000000364e+02 6.519658823529412075e+02 6.875166666666666515e+02 6.995742105263158237e+02 7.177245000000000346e+02
1.000000000000000000e+00 1.020000000000000018e+00 1.030000000000000027e+00 1.104999999999999982e+00 1.219999999999999973e+00 1.222499999999999920e+00 1.405999999999999917e+00 1.546666666666666634e+00 1.761428571428571344e+00 1.959999999999999964e+00 2.405555555555555447e+00 3.192631578947368265e+00 1.400430000000000064e+02 3.258276190476190664e+02 3.789927272727272793e+02 4.793966666666666470e+02 5.373061538461538476e+02 5.669400000000000546e+02 6.092453333333332921e+02 6.428056249999999636e+02 6.635676470588235816e+02 6.909466666666667152e+02 7.062857894736841899e+02 7.285265000000000555e+02
