1.000000000000000000e+00 1.040000000000000036e+00 1.090000000000000080e+00 1.104999999999999982e+00 1.193333333333333357e+00 1.347499999999999920e+00 1.356000000000000094e+00 1.571666666666666767e+00 1.728571428571428648e+00 2.103749999999999787e+00 2.541111111111111320e+00 3.284210526315789469e+00 1.422069999999999936e+02 3.207295238095238119e+02 3.816200000000000045e+02 4.714649999999999750e+02 5.237292307692307531e+02 5.706507142857142298e+02 6.051159999999999854e+02 6.325281250000000455e+02 6.599358823529411211e+02 6.834094444444444889e+02 6.981152631578947876e+02 7.292744999999999891e+02
1.000000000000000000e+00 1.040000000000000036e+00 1.040000000000000036e+00 1.110000000000000098e+00 1.203333333333333366e+00 1.337499999999999911e+00 1.411999999999999922e+00 1.534999999999999920e+00 1.784285714285714253e+00 1.973749999999999893e+00 2.540000000000000036e+00 3.180000000000000160e+00 1.515730000000000075e+02 3.089828571428571422e+02 3.956927272727272680e+02 4.694533333333333189e+02 5.150084615384615745e+02 5.654407142857143072e+02 5.969233333333332894e+02 6.373099999999999454e+02 6.771229411764705901e+02 6.939249999999999545e+02 7.042300000000000182e+02 7.197965000000000373e+02
1.000000000000000000e+00 1.020000000000000018e+00 1.050000000000000044e+00 1.100000000000000089e+00 1.163333333333333330e+00 1.254999999999999893e+00 1.405999999999999917e+00 1.443333333333333357e+00 1.638571428571428568e+00 1.941249999999999920e+00 2.516666666666666607e+00 3.323157894736842088e+00 1.472400000000000091e+02 3.013619047619047819e+02 3.776100000000000136e+02 4.601999999999999886e+02 5.220061538461538930e+02 5.574328571428571877e+02 6.102206666666667161e+02 6.438606250000000273e+02 6.630923529411765003e+02 6.866083333333333485e+02 7.096105263157894569e+02 7.172934999999999945e+02
1.000000000000000000e+00 1.040000000000000036e+00 1.030000000000000027e+00 1.114999999999999991e+00 1.233333333333333393e+00 1.264999999999999902e+00 1.348000000000000087e+00 1.623333333333333295e+00 1.742857142857142883e+00 2.003750000000000142e+00 2.596666666666666679e+00 3.256842105263157983e+00 1.357470000000000141e+02 3.106752380952381145e+02 3.667990909090909213e+02 4.641366666666666561e+02 5.341615384615384983e+02 5.647164285714285370e+02 6.124206666666666479e+02 6.287174999999999727e+02 6.587452941176470631e+02 6.906744444444444753e+02 7.061973684210526017e+02 7.254650000000000318e+02
1.000000000000000000e+00 1.000000000000000000e+00 1.060000000000000053e+00 1.120000000000000107e+00 1.163333333333333330e+00 1.272499999999999964e+00 1.401999999999999913e+00 1.600000000000000089e+00 1.711428571428571521e+00 1.962499999999999911e+00 2.588888888888889017e+00 3.177894736842105328e+00 1.427760000000000105e+02 3.102933333333333508e+02 3.836227272727272748e+02 4.781225000000000023e+02 5.266207692307692696e+02 5.797107142857142890e+02 6.188313333333333048e+02 6.340099999999999909e+02 6.578811764705882297e+02 6.880399999999999636e+02 6.951352631578947694e+02 7.218724999999999454e+02
1.000000000000000000e+00 1.020000000000000018e+00 1.060000000000000053e+00 1.125000000000000000e+00 1.153333333333333321e+00 1.247500000000000053e+00 1.409999999999999920e+00 1.459999999999999964e+00 1.621428571428571441e+00 2.061249999999999805e+00 2.662222222222222268e+00 3.161052631578947558e+00 1.592189999999999941e+02 3.168876190476190686e+02 3.896590909090909349e+02 4.608533333333333530e+02 5.135638461538461570e+02 5.802150000000000318e+02 6.020046666666667079e+02 6.376118750000000546e+02 6.600399999999999636e+02 6.855355555555555611e+02 7.114610526315789230e+02 7.285644999999999527e+02
1.000000000000000000e+00 1.000000000000000000e+00 1.010000000000000009e+00 1.074999999999999956e+00 1.146666666666666723e+00 1.277500000000000080e+00 1.381999999999999895e+00 1.468333333333333268e+00 1.787142857142857144e+00 2.131250000000000089e+00 2.605555555555555625e+00 3.149473684210526425e+00 1.497930000000000064e+02 3.195076190476190732e+02 3.743036363636363717e+02 4.669825000000000159e+02 5.292823076923076542e+02 5.640378571428570922e+02 5.891386666666667224e+02 6.405156250000000000e+02 6.661670588235293735e+02 6.896311111111110677e+02 7.052205263157894706e+02 7.221805000000000518e+02
1.000000000000000000e+00 1.020000000000000018e+00 1.060000000000000053e+00 1.094999999999999973e+00 1.223333333333333384e+00 1.304999999999999938e+00 1.409999999999999920e+00 1.531666666666666732e+00 1.738571428571428656e+00 2.047499999999999876e+00 2.674444444444444624e+00 3.310526315789473539e+00 1.180259999999999962e+02 3.249495238095237823e+02 3.732745454545454322e+02 4.648216666666666583e+02 5.328246153846154129e+02 5.806100000000000136e+02 6.048806666666666843e+02 6.358562500000000455e+02 6.588770588235294099e+02 6.881744444444444753e+02 7.015610526315789457e+02 7.278730000000000473e+02
1.000000000000000000e+00 1.040000000000000036e+00 1.030000000000000027e+00 1.155000000000000027e+00 1.173333333333333339e+00 1.262499999999999956e+00 1.411999999999999922e+00 1.554999999999999938e+00 1.641428571428571459e+00 2.038749999999999840e+00 2.606666666666666465e+00 3.168421052631579027e+00 1.471279999999999859e+02 2.929580952380952112e+02 3.859499999999999886e+02 4.808533333333333530e+02 5.236169230769230580e+02 5.766207142857142571e+02 6.107406666666666979e+02 6.433493750000000091e+02 6.571305882352941126e+02 6.881461111111111677e+02 6.999505263157894888e+02 7.217694999999999936e+02
1.000000000000000000e+00 1.000000000000000000e+00 1.020000000000000018e+00 1.129999999999999893e+00 1.139999999999999902e+00 1.257500000000000062e+00 1.375999999999999890e+00 1.526666666666666616e+00 1.739999999999999991e+00 1.978750000000000009e+00 2.682222222222222285e+00 3.116842105263157858e+00 1.382210000000000036e+02 3.096980952380952203e+02 3.686881818181818176e+02 4.700191666666666492e+02 5.222500000000000000e+02 5.661185714285713857e+02 6.110933333333333621e+02 6.358849999999999909e+02 6.664988235294117658e+02 6.773600000000000136e+02 6.986273684210526653e+02 7.218940000000000055e+02
