1.999000000000000110e+00 4.951800000000000068e+01 9.434699999999999420e+01 1.761889999999999930e+02 2.680210000000000150e+02 3.592540000000000191e+02 4.428439999999999941e+02 5.301100000000000136e+02 6.027469999999999573e+02 6.927889999999999873e+02 7.682459999999999809e+02 8.183450000000000273e+02 8.574660000000000082e+02 8.982889999999999873e+02 9.325180000000000291e+02 1.042797000000000025e+03 1.085981999999999971e+03 1.205134999999999991e+03 1.219830999999999904e+03 1.329162000000000035e+03 1.377592000000000098e+03 1.491079999999999927e+03 1.537066000000000031e+03 1.639313000000000102e+03
1.999000000000000110e+00 4.935799999999999699e+01 9.390900000000000603e+01 1.793410000000000082e+02 2.700269999999999868e+02 3.612219999999999800e+02 4.323220000000000027e+02 5.246420000000000528e+02 6.097799999999999727e+02 6.919120000000000346e+02 7.674450000000000500e+02 8.224569999999999936e+02 8.658429999999999609e+02 9.063709999999999809e+02 9.298730000000000473e+02 1.021500999999999976e+03 1.114104000000000042e+03 1.155737000000000080e+03 1.245056000000000040e+03 1.271959000000000060e+03 1.382459000000000060e+03 1.444123000000000047e+03 1.552938000000000102e+03 1.580122000000000071e+03
1.999000000000000110e+00 4.937599999999999767e+01 9.374500000000000455e+01 1.788259999999999934e+02 2.656480000000000246e+02 3.453419999999999845e+02 4.358279999999999745e+02 5.194909999999999854e+02 6.038680000000000518e+02 6.896119999999999663e+02 7.752250000000000227e+02 8.133350000000000364e+02 8.509379999999999882e+02 8.837540000000000191e+02 9.489719999999999800e+02 1.029133000000000038e+03 1.077756000000000085e+03 1.181978000000000065e+03 1.237445999999999913e+03 1.298854000000000042e+03 1.406894999999999982e+03 1.440371000000000095e+03 1.543544000000000096e+03 1.589025000000000091e+03
1.999000000000000110e+00 4.948400000000000176e+01 9.163400000000000034e+01 1.801339999999999861e+02 2.686770000000000209e+02 3.539329999999999927e+02 4.426909999999999741e+02 5.193509999999999991e+02 6.111079999999999472e+02 6.831430000000000291e+02 7.691430000000000291e+02 8.097019999999999982e+02 8.495280000000000200e+02 9.056539999999999964e+02 9.289230000000000018e+02 1.000312999999999988e+03 1.086627999999999929e+03 1.195500999999999976e+03 1.239044000000000096e+03 1.314930000000000064e+03 1.396676999999999907e+03 1.460413000000000011e+03 1.548796000000000049e+03 1.649651000000000067e+03
1.999000000000000110e+00 4.976500000000000057e+01 9.211899999999999977e+01 1.828629999999999995e+02 2.694639999999999986e+02 3.533589999999999804e+02 4.387900000000000205e+02 5.234149999999999636e+02 6.119470000000000027e+02 6.946820000000000164e+02 7.859919999999999618e+02 8.211760000000000446e+02 8.554859999999999900e+02 9.054279999999999973e+02 9.398859999999999673e+02 1.017191000000000031e+03 1.104182999999999993e+03 1.174756000000000085e+03 1.254642000000000053e+03 1.303674999999999955e+03 1.349000000000000000e+03 1.401144000000000005e+03 1.536673000000000002e+03 1.582355999999999995e+03
1.999000000000000110e+00 4.957300000000000040e+01 9.149699999999999989e+01 1.785980000000000132e+02 2.682629999999999768e+02 3.649630000000000223e+02 4.432259999999999991e+02 5.234859999999999900e+02 6.096349999999999909e+02 6.999669999999999845e+02 7.796209999999999809e+02 8.228189999999999600e+02 8.645439999999999827e+02 8.979160000000000537e+02 9.377789999999999964e+02 1.022662000000000035e+03 1.067825000000000045e+03 1.169415999999999940e+03 1.262897999999999911e+03 1.308040999999999940e+03 1.399700000000000045e+03 1.446655999999999949e+03 1.530204999999999927e+03 1.627409000000000106e+03
1.999000000000000110e+00 4.952199999999999847e+01 9.243800000000000239e+01 1.804360000000000070e+02 2.695919999999999845e+02 3.562860000000000014e+02 4.399060000000000059e+02 5.292980000000000018e+02 6.224869999999999663e+02 7.003200000000000500e+02 7.807910000000000537e+02 7.926240000000000236e+02 8.505019999999999527e+02 9.111369999999999436e+02 9.643450000000000273e+02 9.903150000000000546e+02 1.102124000000000024e+03 1.154525000000000091e+03 1.271321999999999889e+03 1.333207000000000107e+03 1.398295000000000073e+03 1.439756000000000085e+03 1.546407999999999902e+03 1.599396999999999935e+03
1.999000000000000110e+00 4.961800000000000210e+01 9.359499999999999886e+01 1.808040000000000020e+02 2.732230000000000132e+02 3.585930000000000177e+02 4.303260000000000218e+02 5.363350000000000364e+02 6.036739999999999782e+02 6.910149999999999864e+02 7.888469999999999800e+02 8.051019999999999754e+02 8.714589999999999463e+02 8.877319999999999709e+02 9.342849999999999682e+02 1.014214000000000055e+03 1.105407999999999902e+03 1.185233999999999924e+03 1.239490000000000009e+03 1.347758000000000038e+03 1.351321999999999889e+03 1.466176999999999907e+03 1.549494999999999891e+03 1.550991999999999962e+03
1.999000000000000110e+00 4.973799999999999955e+01 9.213800000000000523e+01 1.801579999999999870e+02 2.693129999999999882e+02 3.511070000000000277e+02 4.380749999999999886e+02 5.277910000000000537e+02 5.901879999999999882e+02 6.935489999999999782e+02 7.758959999999999582e+02 8.197210000000000036e+02 8.476770000000000209e+02 8.958579999999999472e+02 9.526549999999999727e+02 1.020927999999999997e+03 1.106611000000000104e+03 1.177596999999999980e+03 1.253896999999999935e+03 1.321114000000000033e+03 1.420996000000000095e+03 1.450048000000000002e+03 1.552529999999999973e+03 1.570196999999999889e+03
1.999000000000000110e+00 4.949399999999999977e+01 9.503499999999999659e+01 1.800250000000000057e+02 2.660430000000000064e+02 3.496019999999999754e+02 4.521829999999999927e+02 5.280439999999999827e+02 6.051140000000000327e+02 6.766860000000000355e+02 7.599429999999999836e+02 8.016910000000000309e+02 8.534529999999999745e+02 8.913350000000000364e+02 9.584429999999999836e+02 1.041180000000000064e+03 1.096369999999999891e+03 1.174988000000000056e+03 1.233721000000000004e+03 1.328973999999999933e+03 1.406588999999999942e+03 1.501411000000000058e+03 1.504042999999999893e+03 1.600167999999999893e+03
1.999000000000000110e+00 4.953900000000000148e+01 9.341100000000000136e+01 1.816220000000000141e+02 2.669139999999999873e+02 3.552080000000000268e+02 4.442110000000000127e+02 5.327670000000000528e+02 6.150629999999999882e+02 6.998759999999999764e+02 7.652640000000000100e+02 8.255040000000000191e+02 8.568640000000000327e+02 8.943410000000000082e+02 9.276799999999999500e+02 1.010530999999999949e+03 1.092464999999999918e+03 1.145064000000000078e+03 1.210279999999999973e+03 1.298920000000000073e+03 1.350971000000000004e+03 1.482234999999999900e+03 1.522744999999999891e+03 1.560500000000000000e+03
1.999000000000000110e+00 4.965999999999999659e+01 9.169700000000000273e+01 1.792030000000000030e+02 2.691560000000000059e+02 3.537479999999999905e+02 4.396059999999999945e+02 5.242690000000000055e+02 6.152329999999999472e+02 6.883740000000000236e+02 7.766250000000000000e+02 8.219829999999999472e+02 8.860349999999999682e+02 8.952400000000000091e+02 9.546150000000000091e+02 1.027871000000000095e+03 1.100777000000000044e+03 1.172403000000000020e+03 1.270196999999999889e+03 1.332368999999999915e+03 1.380615000000000009e+03 1.472420000000000073e+03 1.522039999999999964e+03 1.588300999999999931e+03
1.999000000000000110e+00 4.938900000000000290e+01 9.358499999999999375e+01 1.805709999999999980e+02 2.665600000000000023e+02 3.552959999999999923e+02 4.497590000000000146e+02 5.248369999999999891e+02 6.107670000000000528e+02 6.920710000000000264e+02 7.667380000000000564e+02 8.090420000000000300e+02 8.497440000000000282e+02 8.870829999999999700e+02 9.265700000000000500e+02 1.009936000000000035e+03 1.116531999999999925e+03 1.151579999999999927e+03 1.243520999999999958e+03 1.320123000000000047e+03 1.373271999999999935e+03 1.465227000000000089e+03 1.492891000000000076e+03 1.606694999999999936e+03
1.999000000000000110e+00 4.956499999999999773e+01 9.464400000000000546e+01 1.812110000000000127e+02 2.641050000000000182e+02 3.602850000000000250e+02 4.427799999999999727e+02 5.255170000000000528e+02 6.227870000000000346e+02 6.815879999999999654e+02 7.740049999999999955e+02 8.035650000000000546e+02 8.568600000000000136e+02 9.009400000000000546e+02 9.288089999999999691e+02 9.834210000000000491e+02 1.082824000000000069e+03 1.189536000000000058e+03 1.241145999999999958e+03 1.341029999999999973e+03 1.386989000000000033e+03 1.448942000000000007e+03 1.558479000000000042e+03 1.605353000000000065e+03
1.999000000000000110e+00 4.957600000000000051e+01 9.469499999999999318e+01 1.790180000000000007e+02 2.638910000000000196e+02 3.549019999999999868e+02 4.358380000000000223e+02 5.244189999999999827e+02 6.074239999999999782e+02 6.878890000000000100e+02 7.634020000000000437e+02 8.320059999999999718e+02 8.546720000000000255e+02 9.027419999999999618e+02 9.351470000000000482e+02 1.020211999999999989e+03 1.086825000000000045e+03 1.166422000000000025e+03 1.235557000000000016e+03 1.320720000000000027e+03 1.359406999999999925e+03 1.468125000000000000e+03 1.565659000000000106e+03 1.561336000000000013e+03
1.999000000000000110e+00 4.954500000000000171e+01 9.261100000000000421e+01 1.799840000000000089e+02 2.683750000000000000e+02 3.621200000000000045e+02 4.409479999999999791e+02 5.244089999999999918e+02 6.038479999999999563e+02 6.932269999999999754e+02 7.910639999999999645e+02 8.356000000000000227e+02 8.613229999999999791e+02 8.936240000000000236e+02 9.314279999999999973e+02 1.031919000000000096e+03 1.087020999999999958e+03 1.181085000000000036e+03 1.231384999999999991e+03 1.340292999999999893e+03 1.399181000000000040e+03 1.480541999999999916e+03 1.560287000000000035e+03 1.614968000000000075e+03
1.999000000000000110e+00 4.972399999999999665e+01 9.391599999999999682e+01 1.819190000000000111e+02 2.679039999999999964e+02 3.596250000000000000e+02 4.371669999999999732e+02 5.253959999999999582e+02 6.243460000000000036e+02 6.977709999999999582e+02 7.772780000000000200e+02 8.091689999999999827e+02 8.658719999999999573e+02 8.824940000000000282e+02 9.302269999999999754e+02 1.011437999999999988e+03 1.078218000000000075e+03 1.150183999999999969e+03 1.269775000000000091e+03 1.304203999999999951e+03 1.398699000000000069e+03 1.465652000000000044e+03 1.572213999999999942e+03 1.599999000000000024e+03
1.999000000000000110e+00 4.957600000000000051e+01 9.204800000000000182e+01 1.784360000000000070e+02 2.728070000000000164e+02 3.591940000000000168e+02 4.357289999999999850e+02 5.216359999999999673e+02 5.999980000000000473e+02 7.038869999999999436e+02 7.737889999999999873e+02 8.123890000000000100e+02 8.555729999999999791e+02 9.132210000000000036e+02 9.258759999999999764e+02 1.014900999999999954e+03 1.096202999999999975e+03 1.159277000000000044e+03 1.282913000000000011e+03 1.301872000000000071e+03 1.408988000000000056e+03 1.426948000000000093e+03 1.516943999999999960e+03 1.617940000000000055e+03
1.999000000000000110e+00 4.961899999999999977e+01 9.129300000000000637e+01 1.811970000000000027e+02 2.728820000000000050e+02 3.550360000000000014e+02 4.413460000000000036e+02 5.299299999999999500e+02 6.098269999999999982e+02 6.942089999999999463e+02 7.815349999999999682e+02 8.072780000000000200e+02 8.434919999999999618e+02 8.801159999999999854e+02 9.325109999999999673e+02 1.011159999999999968e+03 1.108761999999999944e+03 1.161617999999999938e+03 1.235036000000000058e+03 1.353215999999999894e+03 1.394164999999999964e+03 1.461300999999999931e+03 1.484598999999999933e+03 1.642201999999999998e+03
1.999000000000000110e+00 4.964200000000000301e+01 9.179900000000000659e+01 1.802100000000000080e+02 2.641999999999999886e+02 3.496120000000000232e+02 4.420659999999999741e+02 5.316829999999999927e+02 5.983139999999999645e+02 6.999039999999999964e+02 7.742740000000000009e+02 8.028830000000000382e+02 8.614279999999999973e+02 8.997519999999999527e+02 9.510289999999999964e+02 1.032080999999999904e+03 1.116605999999999995e+03 1.175769000000000005e+03 1.234451000000000022e+03 1.306555000000000064e+03 1.402811999999999898e+03 1.442112000000000080e+03 1.547692000000000007e+03 1.610501999999999953e+03
1.999000000000000110e+00 4.948899999999999721e+01 9.192400000000000659e+01 1.805740000000000123e+02 2.727189999999999941e+02 3.544399999999999977e+02 4.455939999999999941e+02 5.294130000000000109e+02 6.200929999999999609e+02 6.923690000000000282e+02 7.702619999999999436e+02 8.100030000000000427e+02 8.407440000000000282e+02 9.065069999999999482e+02 9.501369999999999436e+02 1.012467999999999961e+03 1.105292999999999893e+03 1.165205999999999904e+03 1.261936999999999898e+03 1.324584000000000060e+03 1.413465999999999894e+03 1.464307999999999993e+03 1.550583000000000084e+03 1.626090999999999894e+03
1.999000000000000110e+00 4.966299999999999670e+01 9.221699999999999875e+01 1.812290000000000134e+02 2.708020000000000209e+02 3.601469999999999914e+02 4.434350000000000023e+02 5.220059999999999718e+02 6.051660000000000537e+02 6.876860000000000355e+02 7.820910000000000082e+02 8.134470000000000027e+02 8.616409999999999627e+02 8.986660000000000537e+02 9.278880000000000337e+02 1.014383000000000038e+03 1.124688000000000102e+03 1.170378999999999905e+03 1.235579999999999927e+03 1.298329999999999927e+03 1.384215999999999894e+03 1.439981999999999971e+03 1.540296000000000049e+03 1.608775000000000091e+03
1.999000000000000110e+00 4.951400000000000290e+01 9.411100000000000421e+01 1.749310000000000116e+02 2.706949999999999932e+02 3.618620000000000232e+02 4.374270000000000209e+02 5.165170000000000528e+02 6.158569999999999709e+02 6.901970000000000027e+02 7.817659999999999627e+02 8.143339999999999463e+02 8.609289999999999736e+02 9.002340000000000373e+02 9.257640000000000100e+02 1.011243000000000052e+03 1.093832000000000107e+03 1.162482999999999947e+03 1.247381000000000085e+03 1.336121000000000095e+03 1.380066000000000031e+03 1.459278000000000020e+03 1.508270999999999958e+03 1.566269999999999982e+03
1.999000000000000110e+00 4.971300000000000097e+01 9.182399999999999807e+01 1.825560000000000116e+02 2.723969999999999914e+02 3.520869999999999891e+02 4.379820000000000277e+02 5.228529999999999518e+02 5.922859999999999445e+02 7.047019999999999982e+02 7.802609999999999673e+02 8.120330000000000155e+02 8.879320000000000164e+02 9.080299999999999727e+02 9.305240000000000009e+02 9.946000000000000227e+02 1.079688000000000102e+03 1.185273999999999887e+03 1.261584000000000060e+03 1.295214999999999918e+03 1.387309999999999945e+03 1.446413999999999987e+03 1.525932000000000016e+03 1.609895999999999958e+03
1.999000000000000110e+00 4.949300000000000210e+01 9.254999999999999716e+01 1.777630000000000052e+02 2.633750000000000000e+02 3.523559999999999945e+02 4.428070000000000164e+02 5.246649999999999636e+02 5.965960000000000036e+02 6.965670000000000073e+02 7.623220000000000027e+02 8.170940000000000509e+02 8.579279999999999973e+02 8.773250000000000455e+02 9.074400000000000546e+02 9.991470000000000482e+02 1.080009999999999991e+03 1.175214999999999918e+03 1.241298000000000002e+03 1.322388999999999896e+03 1.371852000000000089e+03 1.468913999999999987e+03 1.510454999999999927e+03 1.566271999999999935e+03
