1.999000000000000110e+00 4.968699999999999761e+01 9.622799999999999443e+01 1.810140000000000100e+02 2.523209999999999980e+02 3.092429999999999950e+02 3.648159999999999741e+02 3.961329999999999814e+02 4.076709999999999923e+02 4.204689999999999941e+02 3.664900000000000091e+02 3.286109999999999900e+02 7.922100000000000364e+01 4.988000000000000256e+01 6.081999999999999851e+00 3.061999999999999833e+00 2.552000000000000046e+00 2.125000000000000000e+00 2.072000000000000064e+00 1.848999999999999977e+00 1.715000000000000080e+00 1.766999999999999904e+00 1.483999999999999986e+00 1.574999999999999956e+00
1.999000000000000110e+00 4.974900000000000233e+01 9.550900000000000034e+01 1.792030000000000030e+02 2.523499999999999943e+02 3.185179999999999723e+02 3.562520000000000095e+02 3.957149999999999750e+02 4.023679999999999950e+02 4.064159999999999968e+02 3.645280000000000200e+02 3.124390000000000214e+02 7.180700000000000216e+01 4.783800000000000097e+01 5.378000000000000114e+00 3.115000000000000213e+00 2.500000000000000000e+00 2.212000000000000188e+00 2.051000000000000156e+00 1.945000000000000062e+00 1.844000000000000083e+00 1.703999999999999959e+00 1.701999999999999957e+00 1.522000000000000020e+00
1.999000000000000110e+00 4.976500000000000057e+01 9.557800000000000296e+01 1.806399999999999864e+02 2.551339999999999861e+02 3.119710000000000036e+02 3.680310000000000059e+02 3.971429999999999723e+02 4.094180000000000064e+02 3.943009999999999877e+02 3.622660000000000196e+02 3.223460000000000036e+02 6.403100000000000591e+01 5.167999999999999972e+01 9.756000000000000227e+00 3.330000000000000071e+00 2.577999999999999847e+00 2.290000000000000036e+00 2.075000000000000178e+00 1.885999999999999899e+00 1.770000000000000018e+00 1.604000000000000092e+00 1.639999999999999902e+00 1.592999999999999972e+00
1.999000000000000110e+00 4.972500000000000142e+01 9.579099999999999682e+01 1.805709999999999980e+02 2.553520000000000039e+02 3.183159999999999741e+02 3.619309999999999832e+02 3.974560000000000173e+02 4.105330000000000155e+02 4.087930000000000064e+02 3.554580000000000268e+02 3.239689999999999941e+02 6.141100000000000136e+01 1.100300000000000011e+01 5.232999999999999652e+00 3.419000000000000039e+00 2.529999999999999805e+00 2.251999999999999780e+00 2.007000000000000117e+00 1.879999999999999893e+00 1.790999999999999925e+00 1.564000000000000057e+00 1.699999999999999956e+00 1.574999999999999956e+00
1.999000000000000110e+00 4.971300000000000097e+01 9.587900000000000489e+01 1.800689999999999884e+02 2.549269999999999925e+02 3.152450000000000045e+02 3.585760000000000218e+02 3.891630000000000109e+02 4.081680000000000064e+02 4.026809999999999832e+02 3.669970000000000141e+02 3.089139999999999873e+02 7.196200000000000330e+01 1.677899999999999991e+01 5.480000000000000426e+00 3.386000000000000121e+00 2.529999999999999805e+00 2.274000000000000021e+00 2.076999999999999957e+00 1.766000000000000014e+00 1.754000000000000004e+00 1.703000000000000069e+00 1.616999999999999993e+00 1.570999999999999952e+00
1.999000000000000110e+00 4.985099999999999909e+01 9.560599999999999454e+01 1.802800000000000011e+02 2.528830000000000098e+02 3.136399999999999864e+02 3.593149999999999977e+02 3.952509999999999764e+02 4.239990000000000236e+02 3.970699999999999932e+02 3.520369999999999777e+02 3.198179999999999836e+02 6.327000000000000313e+01 6.226800000000000068e+01 4.681000000000000050e+00 3.274000000000000021e+00 2.395000000000000018e+00 2.289000000000000146e+00 2.099000000000000199e+00 1.889000000000000012e+00 1.822999999999999954e+00 1.713999999999999968e+00 1.566999999999999948e+00 1.594000000000000083e+00
1.999000000000000110e+00 4.980199999999999960e+01 9.582099999999999795e+01 1.803990000000000009e+02 2.544830000000000041e+02 3.181070000000000277e+02 3.636320000000000050e+02 3.976109999999999900e+02 4.118029999999999973e+02 4.064820000000000277e+02 3.677259999999999991e+02 3.230059999999999718e+02 5.822699999999999676e+01 1.800300000000000011e+01 4.982999999999999652e+00 3.599000000000000199e+00 2.733999999999999986e+00 2.221000000000000085e+00 1.987999999999999989e+00 1.875999999999999890e+00 1.782000000000000028e+00 1.629999999999999893e+00 1.681000000000000050e+00 1.516000000000000014e+00
1.999000000000000110e+00 4.973400000000000176e+01 9.600499999999999545e+01 1.790500000000000114e+02 2.539550000000000125e+02 3.127379999999999995e+02 3.650869999999999891e+02 3.909139999999999873e+02 4.129889999999999759e+02 4.086190000000000282e+02 3.649460000000000264e+02 3.142980000000000018e+02 5.457600000000000051e+01 1.635600000000000165e+01 4.671999999999999709e+00 2.810000000000000053e+00 2.600000000000000089e+00 2.407000000000000028e+00 2.115000000000000213e+00 1.788999999999999924e+00 1.800000000000000044e+00 1.711999999999999966e+00 1.620999999999999996e+00 1.582000000000000073e+00
1.999000000000000110e+00 4.958400000000000318e+01 9.661100000000000421e+01 1.806779999999999973e+02 2.522259999999999991e+02 3.160149999999999864e+02 3.600190000000000055e+02 3.903890000000000100e+02 4.137450000000000045e+02 3.994080000000000155e+02 3.673070000000000164e+02 3.077950000000000159e+02 6.626099999999999568e+01 6.273100000000000165e+01 7.213000000000000078e+00 2.992999999999999883e+00 2.501999999999999780e+00 2.434000000000000163e+00 1.979000000000000092e+00 1.870999999999999996e+00 1.693000000000000060e+00 1.633000000000000007e+00 1.655000000000000027e+00 1.546999999999999931e+00
1.999000000000000110e+00 4.974199999999999733e+01 9.635099999999999909e+01 1.799850000000000136e+02 2.529550000000000125e+02 3.091630000000000109e+02 3.635579999999999927e+02 3.951680000000000064e+02 4.136150000000000091e+02 4.059379999999999882e+02 3.659230000000000018e+02 3.177259999999999991e+02 6.572899999999999920e+01 7.355700000000000216e+01 5.858999999999999986e+00 3.257000000000000117e+00 2.431999999999999940e+00 2.152000000000000135e+00 1.933999999999999941e+00 1.959999999999999964e+00 1.772000000000000020e+00 1.671000000000000041e+00 1.610999999999999988e+00 1.556000000000000050e+00
1.999000000000000110e+00 4.967199999999999704e+01 9.655800000000000693e+01 1.800589999999999975e+02 2.549499999999999886e+02 3.118070000000000164e+02 3.589100000000000250e+02 3.895899999999999750e+02 4.029739999999999895e+02 3.987509999999999764e+02 3.664830000000000041e+02 3.200570000000000164e+02 6.682599999999999341e+01 1.594299999999999962e+01 7.126999999999999780e+00 2.976999999999999869e+00 2.584000000000000075e+00 2.286000000000000032e+00 2.061999999999999833e+00 1.794999999999999929e+00 1.808000000000000052e+00 1.745999999999999996e+00 1.637000000000000011e+00 1.566000000000000059e+00
1.999000000000000110e+00 4.988600000000000279e+01 9.550300000000000011e+01 1.800349999999999966e+02 2.524290000000000020e+02 3.145860000000000127e+02 3.638090000000000259e+02 3.901759999999999877e+02 4.110830000000000268e+02 4.028489999999999895e+02 3.658949999999999818e+02 3.434470000000000027e+02 6.382399999999999807e+01 6.820799999999999841e+01 5.956999999999999851e+00 3.120999999999999996e+00 2.428999999999999826e+00 2.319999999999999840e+00 2.064999999999999947e+00 1.838999999999999968e+00 1.804000000000000048e+00 1.669000000000000039e+00 1.536000000000000032e+00 1.534000000000000030e+00
1.999000000000000110e+00 4.979800000000000182e+01 9.584000000000000341e+01 1.798230000000000075e+02 2.540500000000000114e+02 3.115840000000000032e+02 3.647010000000000218e+02 3.950160000000000196e+02 4.231030000000000086e+02 4.116589999999999918e+02 3.707400000000000091e+02 3.051089999999999804e+02 6.626900000000000546e+01 5.051700000000000301e+01 2.254100000000000037e+01 3.310000000000000053e+00 2.495999999999999996e+00 2.392999999999999794e+00 1.997999999999999998e+00 1.689000000000000057e+00 1.830000000000000071e+00 1.524999999999999911e+00 1.618999999999999995e+00 1.610000000000000098e+00
1.999000000000000110e+00 4.980199999999999960e+01 9.618899999999999295e+01 1.803950000000000102e+02 2.529550000000000125e+02 3.125289999999999964e+02 3.690840000000000032e+02 3.905190000000000055e+02 3.941259999999999764e+02 4.033999999999999773e+02 3.652160000000000082e+02 3.277080000000000268e+02 6.635500000000000398e+01 2.527700000000000102e+01 6.025000000000000355e+00 3.495000000000000107e+00 2.505999999999999783e+00 2.345000000000000195e+00 2.230999999999999872e+00 1.828000000000000069e+00 1.856000000000000094e+00 1.669999999999999929e+00 1.600000000000000089e+00 1.568000000000000060e+00
1.999000000000000110e+00 4.985600000000000165e+01 9.569700000000000273e+01 1.800020000000000095e+02 2.517599999999999909e+02 3.171490000000000009e+02 3.630210000000000150e+02 3.878709999999999809e+02 4.049649999999999750e+02 4.050459999999999923e+02 3.653340000000000032e+02 3.215020000000000095e+02 5.995700000000000074e+01 4.654699999999999704e+01 7.158000000000000362e+00 3.353000000000000203e+00 2.342999999999999972e+00 2.412999999999999812e+00 2.009999999999999787e+00 1.818999999999999950e+00 1.739999999999999991e+00 1.606000000000000094e+00 1.556999999999999940e+00 1.506999999999999895e+00
1.999000000000000110e+00 4.979699999999999704e+01 9.547499999999999432e+01 1.801140000000000043e+02 2.524399999999999977e+02 3.133849999999999909e+02 3.561920000000000073e+02 3.852230000000000132e+02 4.088380000000000223e+02 3.963790000000000191e+02 3.595120000000000005e+02 3.174230000000000018e+02 6.223599999999999710e+01 1.687699999999999889e+01 5.599999999999999645e+00 3.371999999999999886e+00 2.745999999999999996e+00 2.313000000000000167e+00 1.937000000000000055e+00 1.955000000000000071e+00 1.782000000000000028e+00 1.731999999999999984e+00 1.643999999999999906e+00 1.604999999999999982e+00
1.999000000000000110e+00 4.970900000000000318e+01 9.627800000000000580e+01 1.797889999999999873e+02 2.543669999999999902e+02 3.121569999999999823e+02 3.612269999999999754e+02 4.022149999999999750e+02 4.142379999999999995e+02 3.958399999999999750e+02 3.691560000000000059e+02 3.169080000000000155e+02 6.461799999999999500e+01 1.470400000000000063e+01 6.283999999999999808e+00 3.366000000000000103e+00 2.576000000000000068e+00 2.375999999999999890e+00 2.107000000000000206e+00 1.883000000000000007e+00 1.747999999999999998e+00 1.669999999999999929e+00 1.546000000000000041e+00 1.677999999999999936e+00
1.999000000000000110e+00 4.964399999999999835e+01 9.604999999999999716e+01 1.778770000000000095e+02 2.533990000000000009e+02 3.146250000000000000e+02 3.606589999999999918e+02 3.921320000000000050e+02 4.110790000000000077e+02 4.051920000000000073e+02 3.563220000000000027e+02 3.071120000000000232e+02 6.241499999999999915e+01 6.607699999999999818e+01 7.131000000000000227e+00 3.190999999999999837e+00 2.491000000000000103e+00 2.222999999999999865e+00 2.133999999999999897e+00 1.923000000000000043e+00 1.832000000000000073e+00 1.707000000000000073e+00 1.639000000000000012e+00 1.592999999999999972e+00
1.999000000000000110e+00 4.969700000000000273e+01 9.584300000000000352e+01 1.797069999999999936e+02 2.553509999999999991e+02 3.127049999999999841e+02 3.626929999999999836e+02 3.978890000000000100e+02 4.218600000000000136e+02 4.034239999999999782e+02 3.430210000000000150e+02 2.987620000000000005e+02 6.865300000000000580e+01 1.463799999999999990e+01 6.774000000000000021e+00 3.495999999999999996e+00 2.512999999999999901e+00 2.138999999999999790e+00 2.052000000000000046e+00 1.953999999999999959e+00 1.772999999999999909e+00 1.699000000000000066e+00 1.653000000000000025e+00 1.588999999999999968e+00
1.999000000000000110e+00 4.967900000000000205e+01 9.585800000000000409e+01 1.812359999999999900e+02 2.554470000000000027e+02 3.137200000000000273e+02 3.666659999999999968e+02 3.902479999999999905e+02 4.167250000000000227e+02 4.145640000000000214e+02 3.558079999999999927e+02 3.143820000000000050e+02 7.121999999999999886e+01 5.464099999999999824e+01 4.801000000000000156e+00 3.059000000000000163e+00 2.741999999999999993e+00 2.333000000000000185e+00 2.028999999999999915e+00 1.877999999999999892e+00 1.804999999999999938e+00 1.758999999999999897e+00 1.637999999999999901e+00 1.518000000000000016e+00
1.999000000000000110e+00 4.976800000000000068e+01 9.601800000000000068e+01 1.790639999999999930e+02 2.535620000000000118e+02 3.174139999999999873e+02 3.605520000000000209e+02 3.861170000000000186e+02 4.099359999999999786e+02 4.129019999999999868e+02 3.700140000000000100e+02 3.156469999999999914e+02 5.787899999999999778e+01 1.228299999999999947e+01 6.979000000000000092e+00 2.980999999999999872e+00 2.584000000000000075e+00 2.076000000000000068e+00 1.927999999999999936e+00 1.939999999999999947e+00 1.820000000000000062e+00 1.699999999999999956e+00 1.631000000000000005e+00 1.594999999999999973e+00
1.999000000000000110e+00 4.960399999999999920e+01 9.567400000000000659e+01 1.801860000000000070e+02 2.539470000000000027e+02 3.154769999999999754e+02 3.608279999999999745e+02 3.880720000000000027e+02 4.140620000000000118e+02 3.965169999999999959e+02 3.677950000000000159e+02 3.156360000000000241e+02 6.272599999999999909e+01 7.159699999999999420e+01 1.448799999999999955e+01 3.032000000000000028e+00 2.688000000000000167e+00 2.329000000000000181e+00 1.953000000000000069e+00 1.959000000000000075e+00 1.798000000000000043e+00 1.671000000000000041e+00 1.643000000000000016e+00 1.564000000000000057e+00
1.999000000000000110e+00 4.964999999999999858e+01 9.615600000000000591e+01 1.800569999999999879e+02 2.522040000000000077e+02 3.157119999999999891e+02 3.609490000000000123e+02 3.895360000000000014e+02 4.080219999999999914e+02 4.008020000000000209e+02 3.531560000000000059e+02 3.046360000000000241e+02 7.237900000000000489e+01 6.440900000000000603e+01 1.078100000000000058e+01 3.492999999999999883e+00 2.551000000000000156e+00 2.486000000000000210e+00 2.084999999999999964e+00 1.929000000000000048e+00 1.832999999999999963e+00 1.637999999999999901e+00 1.536999999999999922e+00 1.548000000000000043e+00
1.999000000000000110e+00 4.964800000000000324e+01 9.594100000000000250e+01 1.800480000000000018e+02 2.499110000000000014e+02 3.122660000000000196e+02 3.636630000000000109e+02 3.964089999999999918e+02 4.078539999999999850e+02 3.965210000000000150e+02 3.672450000000000045e+02 2.974220000000000255e+02 6.801000000000000512e+01 4.580899999999999750e+01 5.831999999999999851e+00 3.637000000000000011e+00 2.736000000000000210e+00 2.291999999999999815e+00 2.100000000000000089e+00 1.872999999999999998e+00 1.764999999999999902e+00 1.550999999999999934e+00 1.687999999999999945e+00 1.510000000000000009e+00
1.999000000000000110e+00 4.970400000000000063e+01 9.617000000000000171e+01 1.813379999999999939e+02 2.551129999999999995e+02 3.167839999999999918e+02 3.582250000000000227e+02 3.960819999999999936e+02 4.079220000000000255e+02 3.981440000000000055e+02 3.790219999999999914e+02 3.126730000000000018e+02 6.476999999999999602e+01 6.391499999999999915e+01 5.307000000000000384e+00 3.444999999999999840e+00 2.467999999999999972e+00 2.271999999999999797e+00 2.064999999999999947e+00 1.864999999999999991e+00 1.802000000000000046e+00 1.687000000000000055e+00 1.633999999999999897e+00 1.620999999999999996e+00
