1.999000000000000110e+00 4.961999999999999744e+01 9.602400000000000091e+01 1.816510000000000105e+02 2.557369999999999948e+02 3.188229999999999791e+02 3.590059999999999718e+02 3.987839999999999918e+02 4.081429999999999723e+02 3.983410000000000082e+02 3.712989999999999782e+02 3.060299999999999727e+02 4.703000000000000114e+01 5.986299999999999955e+01 2.765700000000000003e+01 5.562999999999999723e+00 4.238999999999999879e+00 3.181000000000000050e+00 2.798999999999999932e+00 2.685000000000000053e+00 2.007000000000000117e+00 2.105999999999999872e+00 1.969000000000000083e+00 1.737999999999999989e+00
1.999000000000000110e+00 4.964999999999999858e+01 9.610999999999999943e+01 1.806109999999999900e+02 2.541129999999999995e+02 3.167169999999999845e+02 3.578500000000000227e+02 3.979200000000000159e+02 4.181309999999999718e+02 4.027970000000000255e+02 3.535889999999999986e+02 3.132250000000000227e+02 5.311999999999999744e+01 5.851700000000000301e+01 5.813900000000000290e+01 7.102999999999999758e+00 3.548000000000000043e+00 2.814999999999999947e+00 2.533999999999999808e+00 2.315999999999999837e+00 2.156000000000000139e+00 2.020999999999999908e+00 1.925999999999999934e+00 1.915999999999999925e+00
1.999000000000000110e+00 4.971699999999999875e+01 9.617799999999999727e+01 1.799759999999999991e+02 2.521030000000000086e+02 3.153399999999999750e+02 3.584340000000000259e+02 3.897339999999999804e+02 4.116240000000000236e+02 4.018949999999999818e+02 3.570710000000000264e+02 3.065679999999999836e+02 5.355100000000000193e+01 5.920600000000000307e+01 5.252400000000000091e+01 6.469999999999999751e+00 3.536000000000000032e+00 2.875999999999999890e+00 2.630999999999999783e+00 2.499000000000000110e+00 2.258000000000000007e+00 1.852000000000000091e+00 1.875000000000000000e+00 1.786000000000000032e+00
1.999000000000000110e+00 4.972200000000000131e+01 9.604000000000000625e+01 1.796800000000000068e+02 2.523679999999999950e+02 3.151530000000000200e+02 3.607139999999999986e+02 3.880299999999999727e+02 4.118290000000000077e+02 3.966089999999999804e+02 3.459370000000000118e+02 3.153860000000000241e+02 5.939500000000000313e+01 5.677300000000000324e+01 3.331799999999999784e+01 1.088199999999999967e+01 3.410000000000000142e+00 2.728000000000000203e+00 2.633000000000000007e+00 2.326999999999999957e+00 2.262000000000000011e+00 1.993000000000000105e+00 2.044999999999999929e+00 1.768999999999999906e+00
1.999000000000000110e+00 4.967000000000000171e+01 9.577599999999999625e+01 1.798779999999999859e+02 2.543569999999999993e+02 3.167599999999999909e+02 3.565430000000000064e+02 3.943770000000000095e+02 4.149750000000000227e+02 4.065219999999999914e+02 3.434200000000000159e+02 3.109870000000000232e+02 4.913600000000000279e+01 4.898199999999999932e+01 5.305299999999999727e+01 5.394000000000000128e+00 4.152999999999999581e+00 2.940999999999999837e+00 2.517999999999999794e+00 2.375000000000000000e+00 2.091000000000000192e+00 2.072999999999999954e+00 2.100000000000000089e+00 1.778999999999999915e+00
1.999000000000000110e+00 4.979200000000000159e+01 9.564700000000000557e+01 1.801049999999999898e+02 2.561669999999999732e+02 3.158709999999999809e+02 3.617450000000000045e+02 3.958550000000000182e+02 4.097780000000000200e+02 4.037379999999999995e+02 3.618419999999999845e+02 3.105199999999999818e+02 6.275699999999999790e+01 5.220900000000000318e+01 5.791100000000000136e+01 1.161999999999999922e+01 3.701000000000000068e+00 3.004999999999999893e+00 2.520999999999999908e+00 2.524000000000000021e+00 2.160000000000000142e+00 2.164000000000000146e+00 1.862000000000000099e+00 1.741999999999999993e+00
1.999000000000000110e+00 4.966499999999999915e+01 9.592199999999999704e+01 1.805910000000000082e+02 2.514650000000000034e+02 3.149420000000000073e+02 3.615570000000000164e+02 3.957300000000000182e+02 4.012850000000000250e+02 4.070600000000000023e+02 3.657540000000000191e+02 3.147339999999999804e+02 4.937800000000000011e+01 5.521999999999999886e+01 2.315800000000000125e+01 7.461000000000000298e+00 3.829000000000000181e+00 2.880999999999999783e+00 2.419000000000000039e+00 2.354999999999999982e+00 2.228000000000000203e+00 1.877000000000000002e+00 1.870000000000000107e+00 1.816999999999999948e+00
1.999000000000000110e+00 4.968500000000000227e+01 9.622299999999999898e+01 1.808009999999999877e+02 2.530219999999999914e+02 3.143299999999999841e+02 3.633949999999999818e+02 3.954619999999999891e+02 4.090110000000000241e+02 4.026639999999999873e+02 3.510729999999999791e+02 3.002330000000000041e+02 5.021699999999999875e+01 5.973899999999999721e+01 4.489099999999999824e+01 6.070999999999999730e+00 3.454000000000000181e+00 2.842000000000000082e+00 2.802999999999999936e+00 2.480999999999999872e+00 2.124000000000000110e+00 1.925999999999999934e+00 1.852999999999999980e+00 1.864000000000000101e+00
1.999000000000000110e+00 4.987299999999999756e+01 9.572599999999999909e+01 1.813319999999999936e+02 2.519859999999999900e+02 3.148679999999999950e+02 3.585749999999999886e+02 3.884950000000000045e+02 4.084549999999999841e+02 3.975339999999999918e+02 3.641970000000000027e+02 2.897850000000000250e+02 5.369299999999999784e+01 4.428600000000000136e+01 5.717399999999999949e+01 5.774000000000000021e+00 3.983000000000000096e+00 3.246999999999999886e+00 2.580000000000000071e+00 2.363999999999999879e+00 2.140000000000000124e+00 2.012999999999999901e+00 2.061999999999999833e+00 1.832000000000000073e+00
1.999000000000000110e+00 4.972099999999999653e+01 9.620900000000000318e+01 1.808120000000000118e+02 2.525550000000000068e+02 3.177069999999999936e+02 3.574920000000000186e+02 3.959089999999999918e+02 4.026419999999999959e+02 4.171480000000000246e+02 3.466100000000000136e+02 3.176949999999999932e+02 4.451100000000000279e+01 5.096300000000000097e+01 2.066700000000000159e+01 6.770999999999999908e+00 3.726999999999999869e+00 3.105999999999999872e+00 2.849000000000000199e+00 2.692000000000000171e+00 2.115000000000000213e+00 2.020999999999999908e+00 1.909999999999999920e+00 1.745999999999999996e+00
1.999000000000000110e+00 4.980799999999999983e+01 9.633599999999999852e+01 1.809350000000000023e+02 2.517189999999999941e+02 3.177409999999999854e+02 3.611019999999999754e+02 3.983650000000000091e+02 4.058700000000000045e+02 4.011789999999999736e+02 3.661009999999999991e+02 3.023940000000000055e+02 5.644400000000000261e+01 4.873799999999999955e+01 4.732600000000000051e+01 5.269999999999999574e+00 3.818999999999999950e+00 2.870999999999999996e+00 2.509999999999999787e+00 2.500999999999999890e+00 2.237000000000000099e+00 2.009999999999999787e+00 2.007000000000000117e+00 1.840999999999999970e+00
1.999000000000000110e+00 4.965899999999999892e+01 9.514100000000000534e+01 1.796959999999999980e+02 2.534250000000000114e+02 3.134619999999999891e+02 3.605219999999999914e+02 3.976960000000000264e+02 4.039340000000000259e+02 3.994560000000000173e+02 3.563360000000000127e+02 3.068229999999999791e+02 4.499799999999999756e+01 5.067099999999999937e+01 4.719800000000000040e+01 2.028999999999999915e+01 3.809000000000000163e+00 3.342000000000000082e+00 2.600999999999999979e+00 2.197999999999999954e+00 2.400999999999999801e+00 2.104999999999999982e+00 1.879999999999999893e+00 2.132000000000000117e+00
1.999000000000000110e+00 4.971800000000000352e+01 9.578100000000000591e+01 1.807419999999999902e+02 2.530680000000000121e+02 3.150649999999999977e+02 3.570029999999999859e+02 3.853790000000000191e+02 4.144049999999999727e+02 3.970389999999999873e+02 3.527400000000000091e+02 3.026469999999999914e+02 5.353000000000000114e+01 5.549000000000000199e+01 5.108599999999999852e+01 9.285999999999999588e+00 3.879999999999999893e+00 3.088000000000000078e+00 2.677999999999999936e+00 2.047000000000000153e+00 2.188000000000000167e+00 2.052000000000000046e+00 1.961999999999999966e+00 1.856999999999999984e+00
1.999000000000000110e+00 4.980799999999999983e+01 9.528199999999999648e+01 1.807870000000000061e+02 2.514170000000000016e+02 3.139769999999999754e+02 3.575020000000000095e+02 4.008519999999999754e+02 4.081859999999999786e+02 4.045179999999999723e+02 3.548670000000000186e+02 3.086530000000000200e+02 5.557500000000000284e+01 5.513600000000000279e+01 5.427300000000000324e+01 5.001000000000000334e+00 3.927000000000000046e+00 3.259999999999999787e+00 2.611000000000000210e+00 2.436999999999999833e+00 1.973000000000000087e+00 1.979999999999999982e+00 1.860000000000000098e+00 1.766000000000000014e+00
1.999000000000000110e+00 4.957000000000000028e+01 9.630400000000000205e+01 1.801469999999999914e+02 2.530180000000000007e+02 3.145740000000000123e+02 3.607339999999999804e+02 3.906429999999999723e+02 4.108240000000000123e+02 3.903009999999999877e+02 3.660720000000000027e+02 3.150160000000000196e+02 5.376400000000000290e+01 5.882699999999999818e+01 6.312700000000000244e+01 4.591000000000000192e+00 3.416999999999999815e+00 2.799999999999999822e+00 3.318000000000000060e+00 2.440999999999999837e+00 2.092000000000000082e+00 2.055000000000000160e+00 1.915000000000000036e+00 1.796000000000000041e+00
1.999000000000000110e+00 4.969800000000000040e+01 9.561100000000000421e+01 1.802750000000000057e+02 2.538779999999999859e+02 3.135640000000000214e+02 3.652930000000000064e+02 3.923799999999999955e+02 4.170099999999999909e+02 3.984180000000000064e+02 3.616829999999999927e+02 3.223840000000000146e+02 4.833299999999999841e+01 5.545000000000000284e+01 4.181499999999999773e+01 1.277599999999999980e+01 4.169999999999999929e+00 2.892999999999999794e+00 2.790000000000000036e+00 2.321000000000000174e+00 2.092000000000000082e+00 2.104000000000000092e+00 1.889000000000000012e+00 1.899000000000000021e+00
1.999000000000000110e+00 4.967999999999999972e+01 9.567199999999999704e+01 1.785049999999999955e+02 2.543089999999999975e+02 3.142810000000000059e+02 3.612450000000000045e+02 3.967130000000000223e+02 4.083860000000000241e+02 3.969569999999999936e+02 3.672540000000000191e+02 3.045670000000000073e+02 3.856600000000000250e+01 5.422099999999999653e+01 5.379599999999999937e+01 6.799000000000000377e+00 4.280999999999999694e+00 3.342000000000000082e+00 2.592000000000000082e+00 2.382000000000000117e+00 2.040000000000000036e+00 2.080000000000000071e+00 1.903999999999999915e+00 1.806999999999999940e+00
1.999000000000000110e+00 4.980299999999999727e+01 9.560099999999999909e+01 1.810550000000000068e+02 2.523209999999999980e+02 3.146669999999999732e+02 3.617459999999999809e+02 3.871639999999999873e+02 4.090380000000000109e+02 4.111390000000000100e+02 3.678029999999999973e+02 3.072590000000000146e+02 5.142900000000000205e+01 5.593299999999999983e+01 6.809099999999999397e+01 5.166999999999999815e+00 3.237999999999999989e+00 2.718999999999999861e+00 2.718999999999999861e+00 2.116999999999999993e+00 2.253000000000000114e+00 2.081999999999999851e+00 1.812000000000000055e+00 1.915000000000000036e+00
1.999000000000000110e+00 4.985099999999999909e+01 9.583799999999999386e+01 1.790829999999999984e+02 2.524689999999999941e+02 3.141519999999999868e+02 3.595430000000000064e+02 3.932119999999999891e+02 4.129680000000000177e+02 3.942259999999999991e+02 3.525260000000000105e+02 3.161659999999999968e+02 4.738600000000000279e+01 6.239600000000000080e+01 4.349699999999999989e+01 4.839000000000000412e+00 3.491000000000000103e+00 2.891000000000000014e+00 2.745000000000000107e+00 2.612999999999999989e+00 2.128000000000000114e+00 2.138999999999999790e+00 1.911000000000000032e+00 1.764999999999999902e+00
1.999000000000000110e+00 4.979299999999999926e+01 9.557599999999999341e+01 1.796320000000000050e+02 2.528899999999999864e+02 3.144900000000000091e+02 3.627610000000000241e+02 3.997590000000000146e+02 4.201759999999999877e+02 4.024580000000000268e+02 3.693600000000000136e+02 3.068670000000000186e+02 5.230299999999999727e+01 5.160600000000000165e+01 6.258200000000000074e+01 3.990000000000000213e+00 4.225999999999999979e+00 3.077999999999999847e+00 2.575000000000000178e+00 2.278999999999999915e+00 2.266000000000000014e+00 2.000000000000000000e+00 1.749000000000000110e+00 1.687000000000000055e+00
1.999000000000000110e+00 4.980599999999999739e+01 9.619700000000000273e+01 1.803259999999999934e+02 2.521320000000000050e+02 3.126080000000000041e+02 3.596539999999999964e+02 3.944499999999999886e+02 4.029940000000000282e+02 4.004479999999999791e+02 3.746909999999999741e+02 3.148120000000000118e+02 5.045300000000000296e+01 5.198499999999999943e+01 6.255599999999999739e+01 4.187999999999999723e+00 3.551000000000000156e+00 2.685000000000000053e+00 2.710999999999999854e+00 2.436999999999999833e+00 2.289000000000000146e+00 2.111000000000000210e+00 1.816999999999999948e+00 1.961999999999999966e+00
1.999000000000000110e+00 4.977700000000000102e+01 9.573399999999999466e+01 1.804300000000000068e+02 2.506680000000000064e+02 3.150230000000000246e+02 3.647629999999999768e+02 3.863720000000000141e+02 4.014139999999999873e+02 4.098550000000000182e+02 3.657069999999999936e+02 3.130040000000000191e+02 5.838199999999999790e+01 5.041100000000000136e+01 6.736899999999999977e+01 6.136999999999999567e+00 3.952999999999999847e+00 3.353000000000000203e+00 2.575000000000000178e+00 2.423000000000000043e+00 2.126999999999999780e+00 2.020000000000000018e+00 1.858999999999999986e+00 1.798000000000000043e+00
1.999000000000000110e+00 4.981400000000000006e+01 9.605299999999999727e+01 1.796740000000000066e+02 2.536959999999999980e+02 3.120219999999999914e+02 3.647509999999999764e+02 3.928360000000000127e+02 4.048179999999999836e+02 4.099340000000000259e+02 3.613179999999999836e+02 3.211530000000000200e+02 4.318399999999999750e+01 6.055499999999999972e+01 5.100500000000000256e+01 6.578999999999999737e+00 3.677000000000000046e+00 2.942000000000000171e+00 2.814000000000000057e+00 2.358000000000000096e+00 2.342000000000000082e+00 2.043000000000000149e+00 1.947000000000000064e+00 1.739999999999999991e+00
1.999000000000000110e+00 4.954299999999999926e+01 9.615500000000000114e+01 1.809290000000000020e+02 2.536030000000000086e+02 3.133249999999999886e+02 3.656990000000000123e+02 3.973530000000000086e+02 4.048759999999999764e+02 4.023389999999999986e+02 3.519159999999999968e+02 3.178589999999999804e+02 5.625800000000000267e+01 5.046800000000000352e+01 3.876599999999999824e+01 6.911999999999999922e+00 3.516000000000000014e+00 2.718999999999999861e+00 2.853000000000000203e+00 2.436999999999999833e+00 2.024999999999999911e+00 1.993000000000000105e+00 1.806999999999999940e+00 1.915999999999999925e+00
1.999000000000000110e+00 4.975500000000000256e+01 9.627800000000000580e+01 1.798619999999999948e+02 2.519850000000000136e+02 3.145430000000000064e+02 3.622250000000000227e+02 3.883790000000000191e+02 4.100899999999999750e+02 4.067749999999999773e+02 3.523109999999999786e+02 2.981680000000000064e+02 5.248799999999999955e+01 5.725800000000000267e+01 5.493999999999999773e+01 4.931000000000000050e+00 3.762000000000000011e+00 2.818999999999999950e+00 2.884999999999999787e+00 2.402000000000000135e+00 2.134999999999999787e+00 2.052999999999999936e+00 1.858000000000000096e+00 1.893000000000000016e+00
