1.999000000000000110e+00 4.990100000000000335e+01 9.564600000000000080e+01 1.804490000000000123e+02 2.511339999999999861e+02 3.123759999999999764e+02 3.567660000000000196e+02 3.978090000000000259e+02 4.107889999999999873e+02 3.972180000000000177e+02 3.510860000000000127e+02 3.226329999999999814e+02 5.641599999999999682e+01 5.700900000000000034e+01 6.288100000000000023e+01 4.636999999999999567e+00 2.891999999999999904e+00 2.447000000000000064e+00 2.197999999999999954e+00 2.076999999999999957e+00 1.816000000000000059e+00 1.842000000000000082e+00 1.784000000000000030e+00 1.673999999999999932e+00
1.999000000000000110e+00 4.975999999999999801e+01 9.583599999999999852e+01 1.802570000000000050e+02 2.516539999999999964e+02 3.150439999999999827e+02 3.590679999999999836e+02 3.940500000000000114e+02 4.014599999999999795e+02 3.952839999999999918e+02 3.624429999999999836e+02 2.991329999999999814e+02 6.082999999999999829e+01 6.607099999999999795e+01 1.158900000000000041e+01 3.948999999999999844e+00 2.807999999999999829e+00 2.604999999999999982e+00 2.363999999999999879e+00 2.307999999999999829e+00 2.136000000000000121e+00 1.883999999999999897e+00 1.677999999999999936e+00 1.598000000000000087e+00
1.999000000000000110e+00 4.966700000000000159e+01 9.601399999999999579e+01 1.804979999999999905e+02 2.521140000000000043e+02 3.144710000000000036e+02 3.642640000000000100e+02 4.037629999999999768e+02 4.099889999999999759e+02 4.021139999999999759e+02 3.556530000000000200e+02 3.064610000000000127e+02 6.380799999999999983e+01 6.337299999999999756e+01 3.081599999999999895e+01 3.795999999999999819e+00 2.923999999999999932e+00 2.688000000000000167e+00 2.165999999999999925e+00 2.013999999999999790e+00 1.957000000000000073e+00 1.818999999999999950e+00 1.782999999999999918e+00 1.629000000000000004e+00
1.999000000000000110e+00 4.968999999999999773e+01 9.525799999999999557e+01 1.814379999999999882e+02 2.521810000000000116e+02 3.138500000000000227e+02 3.608430000000000177e+02 3.975740000000000123e+02 4.144970000000000141e+02 4.149060000000000059e+02 3.538210000000000264e+02 3.238050000000000068e+02 5.592699999999999960e+01 6.123599999999999710e+01 6.350200000000000244e+01 4.059999999999999609e+00 2.940999999999999837e+00 2.672000000000000153e+00 2.261000000000000121e+00 2.027000000000000135e+00 1.911000000000000032e+00 1.818999999999999950e+00 1.667999999999999927e+00 1.715000000000000080e+00
1.999000000000000110e+00 4.975099999999999767e+01 9.619499999999999318e+01 1.803499999999999943e+02 2.523309999999999889e+02 3.127520000000000095e+02 3.637119999999999891e+02 3.969089999999999918e+02 4.110919999999999845e+02 4.002629999999999768e+02 3.593829999999999814e+02 3.179590000000000032e+02 6.459399999999999409e+01 5.205199999999999960e+01 1.671799999999999997e+01 3.527000000000000135e+00 3.217000000000000082e+00 2.581999999999999851e+00 2.133000000000000007e+00 2.059000000000000163e+00 1.891000000000000014e+00 1.739000000000000101e+00 1.790000000000000036e+00 1.635000000000000009e+00
1.999000000000000110e+00 4.967600000000000193e+01 9.637999999999999545e+01 1.800939999999999941e+02 2.517199999999999989e+02 3.156899999999999977e+02 3.626730000000000018e+02 3.952959999999999923e+02 4.104169999999999732e+02 4.125939999999999941e+02 3.489510000000000218e+02 3.243410000000000082e+02 5.588300000000000267e+01 4.087500000000000000e+01 7.370000000000000107e+00 4.046000000000000263e+00 2.962000000000000188e+00 2.551000000000000156e+00 2.486000000000000210e+00 2.028999999999999915e+00 2.104000000000000092e+00 1.784999999999999920e+00 1.703999999999999959e+00 1.596999999999999975e+00
1.999000000000000110e+00 4.968299999999999983e+01 9.571200000000000330e+01 1.803259999999999934e+02 2.524749999999999943e+02 3.142420000000000186e+02 3.595590000000000259e+02 3.936109999999999900e+02 4.059239999999999782e+02 3.963299999999999841e+02 3.637869999999999777e+02 3.058720000000000141e+02 5.458599999999999852e+01 6.393699999999999761e+01 1.375900000000000034e+01 3.701999999999999957e+00 2.793000000000000149e+00 2.399000000000000021e+00 2.087000000000000188e+00 2.052000000000000046e+00 1.870000000000000107e+00 1.780000000000000027e+00 1.739000000000000101e+00 1.703999999999999959e+00
1.999000000000000110e+00 4.990100000000000335e+01 9.540399999999999636e+01 1.819070000000000107e+02 2.517570000000000050e+02 3.115939999999999941e+02 3.615389999999999873e+02 3.964089999999999918e+02 4.234340000000000259e+02 4.162850000000000250e+02 3.712269999999999754e+02 3.067819999999999823e+02 6.553400000000000603e+01 6.110199999999999676e+01 9.804999999999999716e+00 3.783999999999999808e+00 3.311999999999999833e+00 2.525999999999999801e+00 2.545999999999999819e+00 1.915000000000000036e+00 1.895000000000000018e+00 1.733999999999999986e+00 1.729000000000000092e+00 1.524000000000000021e+00
1.999000000000000110e+00 4.975500000000000256e+01 9.595900000000000318e+01 1.806719999999999970e+02 2.535269999999999868e+02 3.112549999999999955e+02 3.597200000000000273e+02 3.967370000000000232e+02 4.062420000000000186e+02 3.937749999999999773e+02 3.677799999999999727e+02 3.132919999999999732e+02 6.120799999999999841e+01 6.135999999999999943e+01 3.034100000000000108e+01 3.834000000000000075e+00 3.092000000000000082e+00 2.498000000000000220e+00 2.237000000000000099e+00 2.125999999999999890e+00 2.048999999999999932e+00 1.891999999999999904e+00 1.727000000000000091e+00 1.679000000000000048e+00
1.999000000000000110e+00 4.968299999999999983e+01 9.601600000000000534e+01 1.812290000000000134e+02 2.536339999999999861e+02 3.175319999999999823e+02 3.614540000000000077e+02 3.928260000000000218e+02 4.084379999999999882e+02 3.989870000000000232e+02 3.586449999999999818e+02 3.196589999999999918e+02 6.333100000000000307e+01 6.499099999999999966e+01 6.429200000000000159e+01 3.801000000000000156e+00 3.286000000000000032e+00 2.512000000000000011e+00 2.228000000000000203e+00 2.112000000000000099e+00 1.798999999999999932e+00 1.935999999999999943e+00 1.695999999999999952e+00 1.663000000000000034e+00
1.999000000000000110e+00 4.964800000000000324e+01 9.533100000000000307e+01 1.801959999999999980e+02 2.528480000000000132e+02 3.180880000000000223e+02 3.626840000000000259e+02 4.001139999999999759e+02 3.995720000000000027e+02 4.022549999999999955e+02 3.670579999999999927e+02 3.162749999999999773e+02 6.170499999999999829e+01 6.514100000000000534e+01 2.169800000000000040e+01 3.612999999999999989e+00 3.157999999999999918e+00 2.392999999999999794e+00 2.583000000000000185e+00 2.096000000000000085e+00 1.905999999999999917e+00 1.848000000000000087e+00 1.725999999999999979e+00 1.592999999999999972e+00
1.999000000000000110e+00 4.969899999999999807e+01 9.672599999999999909e+01 1.803199999999999932e+02 2.531009999999999991e+02 3.127200000000000273e+02 3.607529999999999859e+02 3.877889999999999873e+02 4.071250000000000000e+02 4.069490000000000123e+02 3.655799999999999841e+02 3.127950000000000159e+02 5.358100000000000307e+01 5.093500000000000227e+01 8.509999999999999787e+00 4.516000000000000014e+00 2.692000000000000171e+00 2.482000000000000206e+00 2.387999999999999901e+00 2.164000000000000146e+00 1.983000000000000096e+00 1.788000000000000034e+00 1.681000000000000050e+00 1.705999999999999961e+00
1.999000000000000110e+00 4.954500000000000171e+01 9.579000000000000625e+01 1.799159999999999968e+02 2.542510000000000048e+02 3.133720000000000141e+02 3.575059999999999718e+02 3.984700000000000273e+02 4.080249999999999773e+02 4.012119999999999891e+02 3.450849999999999795e+02 2.990740000000000123e+02 6.024000000000000199e+01 6.628499999999999659e+01 5.242300000000000182e+01 3.637000000000000011e+00 3.084999999999999964e+00 2.478000000000000203e+00 2.342999999999999972e+00 2.076000000000000068e+00 2.087000000000000188e+00 1.838000000000000078e+00 1.788999999999999924e+00 1.693000000000000060e+00
1.999000000000000110e+00 4.950900000000000034e+01 9.576900000000000546e+01 1.801949999999999932e+02 2.525689999999999884e+02 3.133919999999999959e+02 3.597710000000000150e+02 3.890450000000000159e+02 4.044569999999999936e+02 4.025710000000000264e+02 3.695360000000000014e+02 3.299820000000000277e+02 5.993800000000000239e+01 3.709400000000000119e+01 2.053500000000000014e+01 3.884999999999999787e+00 3.192000000000000171e+00 2.423999999999999932e+00 2.185999999999999943e+00 2.100999999999999979e+00 1.842000000000000082e+00 1.715000000000000080e+00 1.739000000000000101e+00 1.780000000000000027e+00
1.999000000000000110e+00 4.968500000000000227e+01 9.596500000000000341e+01 1.808040000000000020e+02 2.526370000000000005e+02 3.118410000000000082e+02 3.634159999999999968e+02 3.922069999999999936e+02 4.044130000000000109e+02 4.104060000000000059e+02 3.663009999999999877e+02 3.227950000000000159e+02 6.006000000000000227e+01 5.772399999999999665e+01 2.640700000000000003e+01 3.289000000000000146e+00 2.778000000000000025e+00 2.371999999999999886e+00 2.363999999999999879e+00 2.119000000000000217e+00 1.891999999999999904e+00 1.893999999999999906e+00 1.784000000000000030e+00 1.645999999999999908e+00
1.999000000000000110e+00 4.981900000000000261e+01 9.546399999999999864e+01 1.793209999999999980e+02 2.552729999999999961e+02 3.119669999999999845e+02 3.646510000000000105e+02 3.939049999999999727e+02 4.087139999999999986e+02 3.948539999999999850e+02 3.584769999999999754e+02 3.199259999999999877e+02 6.549800000000000466e+01 6.246399999999999864e+01 2.229100000000000037e+01 4.426999999999999602e+00 2.955999999999999961e+00 2.456999999999999851e+00 2.084000000000000075e+00 1.953999999999999959e+00 1.879999999999999893e+00 1.764999999999999902e+00 1.669999999999999929e+00 1.643999999999999906e+00
1.999000000000000110e+00 4.964300000000000068e+01 9.596399999999999864e+01 1.809139999999999873e+02 2.522709999999999866e+02 3.134289999999999736e+02 3.654599999999999795e+02 3.911549999999999727e+02 4.062599999999999909e+02 4.058919999999999959e+02 3.633199999999999932e+02 3.056209999999999809e+02 5.417099999999999937e+01 6.376599999999999824e+01 3.515200000000000102e+01 4.277000000000000135e+00 2.850000000000000089e+00 2.584999999999999964e+00 2.315999999999999837e+00 2.057999999999999829e+00 1.824999999999999956e+00 1.814000000000000057e+00 1.709000000000000075e+00 1.663999999999999924e+00
1.999000000000000110e+00 4.984700000000000131e+01 9.565200000000000102e+01 1.815560000000000116e+02 2.543520000000000039e+02 3.127660000000000196e+02 3.597429999999999950e+02 3.936429999999999723e+02 4.053720000000000141e+02 3.979239999999999782e+02 3.539169999999999732e+02 3.107389999999999759e+02 5.370499999999999829e+01 6.055400000000000205e+01 2.088200000000000145e+01 3.903999999999999915e+00 3.250000000000000000e+00 2.452999999999999847e+00 2.198999999999999844e+00 1.903000000000000025e+00 1.929999999999999938e+00 1.818999999999999950e+00 1.758000000000000007e+00 1.735000000000000098e+00
1.999000000000000110e+00 4.967999999999999972e+01 9.540000000000000568e+01 1.802709999999999866e+02 2.532090000000000032e+02 3.180679999999999836e+02 3.615749999999999886e+02 3.834689999999999941e+02 4.091549999999999727e+02 3.910609999999999786e+02 3.724460000000000264e+02 3.298220000000000027e+02 6.333599999999999852e+01 5.782200000000000273e+01 2.432000000000000028e+01 3.712000000000000188e+00 3.347999999999999865e+00 2.384999999999999787e+00 2.125000000000000000e+00 2.100999999999999979e+00 2.027000000000000135e+00 1.794999999999999929e+00 1.735999999999999988e+00 1.695000000000000062e+00
1.999000000000000110e+00 4.946999999999999886e+01 9.587999999999999545e+01 1.814000000000000057e+02 2.533079999999999927e+02 3.108779999999999859e+02 3.593310000000000173e+02 3.884750000000000227e+02 4.146240000000000236e+02 4.014309999999999832e+02 3.640099999999999909e+02 3.198210000000000264e+02 5.920300000000000296e+01 5.508100000000000307e+01 1.224799999999999933e+01 4.780999999999999694e+00 2.968999999999999861e+00 2.537999999999999812e+00 2.266000000000000014e+00 2.161000000000000032e+00 1.901999999999999913e+00 1.768000000000000016e+00 1.758000000000000007e+00 1.548999999999999932e+00
1.999000000000000110e+00 4.974099999999999966e+01 9.622599999999999909e+01 1.791610000000000014e+02 2.514819999999999993e+02 3.139209999999999923e+02 3.630760000000000218e+02 3.919739999999999895e+02 4.125690000000000168e+02 4.037210000000000036e+02 3.456429999999999723e+02 3.162540000000000191e+02 5.918599999999999994e+01 5.876299999999999812e+01 7.663999999999999702e+00 5.352000000000000313e+00 3.334000000000000075e+00 2.525999999999999801e+00 2.282000000000000028e+00 1.935000000000000053e+00 1.800000000000000044e+00 1.836999999999999966e+00 1.590000000000000080e+00 1.633999999999999897e+00
1.999000000000000110e+00 4.974600000000000222e+01 9.543999999999999773e+01 1.808979999999999961e+02 2.540869999999999891e+02 3.078910000000000196e+02 3.635930000000000177e+02 3.905710000000000264e+02 4.102219999999999800e+02 4.001909999999999741e+02 3.488559999999999945e+02 3.097230000000000132e+02 5.603399999999999892e+01 5.790100000000000335e+01 1.135999999999999943e+01 8.458999999999999631e+00 2.853000000000000203e+00 2.500999999999999890e+00 2.111000000000000210e+00 1.991000000000000103e+00 1.856000000000000094e+00 1.830000000000000071e+00 1.875999999999999890e+00 1.620999999999999996e+00
1.999000000000000110e+00 4.974499999999999744e+01 9.573799999999999955e+01 1.791239999999999952e+02 2.538350000000000080e+02 3.136569999999999823e+02 3.623539999999999850e+02 3.947479999999999905e+02 4.162939999999999827e+02 4.090199999999999818e+02 3.626820000000000164e+02 3.280160000000000196e+02 5.881199999999999761e+01 6.018699999999999761e+01 1.191799999999999926e+01 4.084999999999999964e+00 2.795999999999999819e+00 2.355999999999999872e+00 2.317000000000000171e+00 1.979999999999999982e+00 1.856999999999999984e+00 1.778999999999999915e+00 1.792000000000000037e+00 1.697000000000000064e+00
1.999000000000000110e+00 4.968900000000000006e+01 9.577400000000000091e+01 1.796589999999999918e+02 2.548509999999999991e+02 3.145179999999999723e+02 3.638779999999999859e+02 3.933050000000000068e+02 4.014119999999999777e+02 3.927559999999999718e+02 3.582189999999999941e+02 3.146539999999999964e+02 6.582500000000000284e+01 6.073299999999999699e+01 2.578099999999999881e+01 3.851999999999999869e+00 2.855999999999999872e+00 2.603000000000000203e+00 2.392999999999999794e+00 1.983999999999999986e+00 1.909000000000000030e+00 1.834000000000000075e+00 1.641999999999999904e+00 1.606999999999999984e+00
1.999000000000000110e+00 5.000900000000000034e+01 9.603300000000000125e+01 1.800190000000000055e+02 2.535879999999999939e+02 3.153220000000000027e+02 3.693260000000000218e+02 3.949289999999999736e+02 4.232559999999999718e+02 4.010230000000000246e+02 3.494649999999999750e+02 3.290289999999999964e+02 5.705799999999999983e+01 6.364800000000000324e+01 1.932499999999999929e+01 4.116999999999999993e+00 3.257000000000000117e+00 2.520999999999999908e+00 2.294000000000000039e+00 2.047000000000000153e+00 2.008999999999999897e+00 1.669000000000000039e+00 1.733999999999999986e+00 1.576999999999999957e+00
