1.999000000000000110e+00 4.978799999999999670e+01 9.572899999999999920e+01 1.793619999999999948e+02 2.548600000000000136e+02 3.077010000000000218e+02 3.477250000000000227e+02 3.533000000000000114e+02 2.703380000000000223e+02 2.858589999999999804e+02 2.918960000000000150e+02 2.883709999999999809e+02 2.934139999999999873e+02 2.859139999999999873e+02 2.897610000000000241e+02 2.012390000000000043e+02 4.317999999999999616e+00 3.732000000000000206e+00 3.388999999999999790e+00 2.463999999999999968e+00 2.404999999999999805e+00 2.375999999999999890e+00 2.137000000000000011e+00 2.085999999999999854e+00
1.999000000000000110e+00 4.976299999999999812e+01 9.571699999999999875e+01 1.792470000000000141e+02 2.502069999999999936e+02 3.059889999999999759e+02 3.409390000000000214e+02 3.581270000000000095e+02 2.610179999999999723e+02 2.777389999999999759e+02 2.899599999999999795e+02 2.823199999999999932e+02 3.115409999999999968e+02 2.801109999999999900e+02 2.728860000000000241e+02 1.995560000000000116e+02 6.060999999999999943e+00 3.831999999999999851e+00 2.942000000000000171e+00 2.685999999999999943e+00 2.448999999999999844e+00 2.350000000000000089e+00 2.140000000000000124e+00 1.893999999999999906e+00
1.999000000000000110e+00 4.983800000000000097e+01 9.562800000000000011e+01 1.798640000000000043e+02 2.508499999999999943e+02 3.084549999999999841e+02 3.470919999999999845e+02 3.535400000000000205e+02 2.653999999999999773e+02 2.889510000000000218e+02 2.940880000000000223e+02 2.873999999999999773e+02 2.773410000000000082e+02 2.498069999999999879e+02 2.624510000000000218e+02 2.290780000000000030e+02 4.876999999999999780e+00 3.366999999999999993e+00 3.270000000000000018e+00 2.713999999999999968e+00 2.491999999999999993e+00 2.124000000000000110e+00 2.088000000000000078e+00 2.097999999999999865e+00
1.999000000000000110e+00 4.959899999999999665e+01 9.586100000000000421e+01 1.800440000000000111e+02 2.512769999999999868e+02 3.026630000000000109e+02 3.453489999999999895e+02 3.522049999999999841e+02 2.875980000000000132e+02 2.825319999999999823e+02 2.879019999999999868e+02 2.836549999999999727e+02 2.945339999999999918e+02 2.737629999999999768e+02 2.355999999999999943e+02 2.000800000000000125e+02 6.003999999999999559e+00 3.834999999999999964e+00 3.132000000000000117e+00 2.835999999999999854e+00 2.459999999999999964e+00 2.266000000000000014e+00 2.165000000000000036e+00 2.024000000000000021e+00
1.999000000000000110e+00 4.954200000000000159e+01 9.556900000000000261e+01 1.790600000000000023e+02 2.517709999999999866e+02 3.092470000000000141e+02 3.465070000000000050e+02 3.554429999999999836e+02 3.062839999999999918e+02 2.852669999999999959e+02 2.778659999999999854e+02 2.759220000000000255e+02 2.448660000000000139e+02 2.657989999999999782e+02 2.686159999999999854e+02 2.064329999999999927e+02 4.849000000000000199e+00 4.177999999999999936e+00 3.553999999999999826e+00 2.757000000000000117e+00 2.479999999999999982e+00 2.298000000000000043e+00 2.141000000000000014e+00 2.056999999999999940e+00
1.999000000000000110e+00 4.959499999999999886e+01 9.576600000000000534e+01 1.794900000000000091e+02 2.530480000000000018e+02 3.076150000000000091e+02 3.385889999999999986e+02 3.520169999999999959e+02 2.670040000000000191e+02 2.960729999999999791e+02 3.043629999999999995e+02 2.861440000000000055e+02 2.851150000000000091e+02 2.767210000000000036e+02 2.762699999999999818e+02 2.388009999999999877e+02 4.724000000000000199e+00 3.201999999999999957e+00 2.797000000000000153e+00 2.697999999999999954e+00 2.472999999999999865e+00 2.237000000000000099e+00 2.065999999999999837e+00 2.298000000000000043e+00
1.999000000000000110e+00 4.978199999999999648e+01 9.551999999999999602e+01 1.809859999999999900e+02 2.527549999999999955e+02 3.042440000000000282e+02 3.483079999999999927e+02 3.638759999999999764e+02 3.095199999999999818e+02 2.769909999999999854e+02 2.839209999999999923e+02 2.768369999999999891e+02 2.845140000000000100e+02 2.626309999999999718e+02 2.758750000000000000e+02 2.244259999999999877e+02 1.955540000000000020e+02 3.966000000000000192e+00 2.713000000000000078e+00 2.569999999999999840e+00 2.588999999999999968e+00 2.236000000000000210e+00 2.290000000000000036e+00 1.957999999999999963e+00
1.999000000000000110e+00 4.975999999999999801e+01 9.557500000000000284e+01 1.791670000000000016e+02 2.525840000000000032e+02 3.054309999999999832e+02 3.430889999999999986e+02 3.601840000000000259e+02 2.704859999999999900e+02 2.606800000000000068e+02 2.842359999999999900e+02 2.941229999999999905e+02 2.636390000000000100e+02 2.856829999999999927e+02 2.640190000000000055e+02 2.351699999999999875e+02 1.496299999999999955e+02 3.375000000000000000e+00 2.991000000000000103e+00 2.736000000000000210e+00 2.466000000000000192e+00 2.354999999999999982e+00 2.343999999999999861e+00 2.093999999999999861e+00
1.999000000000000110e+00 4.985300000000000153e+01 9.586599999999999966e+01 1.796020000000000039e+02 2.515329999999999870e+02 3.071399999999999864e+02 3.450240000000000009e+02 3.633039999999999736e+02 2.578539999999999850e+02 2.632420000000000186e+02 2.874820000000000277e+02 2.793870000000000005e+02 2.831299999999999955e+02 2.790099999999999909e+02 2.704870000000000232e+02 2.407369999999999948e+02 1.687450000000000045e+02 3.588999999999999968e+00 3.225000000000000089e+00 2.533999999999999808e+00 2.528000000000000025e+00 2.375999999999999890e+00 2.266999999999999904e+00 1.979000000000000092e+00
1.999000000000000110e+00 4.974900000000000233e+01 9.549699999999999989e+01 1.786430000000000007e+02 2.532779999999999916e+02 3.029660000000000082e+02 3.430550000000000068e+02 3.622780000000000200e+02 3.104069999999999823e+02 2.726569999999999823e+02 2.976709999999999923e+02 2.827029999999999745e+02 2.805720000000000027e+02 2.807239999999999895e+02 2.666539999999999964e+02 2.094180000000000064e+02 3.378000000000000114e+00 3.220000000000000195e+00 2.935999999999999943e+00 2.670999999999999819e+00 2.507000000000000117e+00 2.311999999999999833e+00 2.108000000000000096e+00 2.017999999999999794e+00
1.999000000000000110e+00 4.956900000000000261e+01 9.545600000000000307e+01 1.795250000000000057e+02 2.496390000000000100e+02 3.082370000000000232e+02 3.463960000000000150e+02 3.564010000000000105e+02 2.612269999999999754e+02 2.579259999999999877e+02 2.981650000000000205e+02 2.900969999999999800e+02 2.887359999999999900e+02 2.756779999999999973e+02 2.664680000000000177e+02 2.273439999999999941e+02 1.133670000000000044e+02 3.556000000000000050e+00 2.963000000000000078e+00 2.791999999999999815e+00 2.672000000000000153e+00 2.600000000000000089e+00 2.164000000000000146e+00 2.181000000000000050e+00
1.999000000000000110e+00 4.971999999999999886e+01 9.533199999999999363e+01 1.804569999999999936e+02 2.496850000000000023e+02 3.076809999999999832e+02 3.518039999999999736e+02 3.643059999999999832e+02 2.645790000000000077e+02 2.563519999999999754e+02 2.820020000000000095e+02 2.936259999999999764e+02 2.687690000000000055e+02 2.833330000000000268e+02 2.767540000000000191e+02 2.581000000000000227e+02 1.895039999999999907e+02 3.537999999999999812e+00 3.088999999999999968e+00 2.460999999999999854e+00 2.553999999999999826e+00 2.415999999999999925e+00 2.201000000000000068e+00 2.024999999999999911e+00
1.999000000000000110e+00 4.970199999999999818e+01 9.593500000000000227e+01 1.815529999999999973e+02 2.503720000000000141e+02 3.085729999999999791e+02 3.474870000000000232e+02 3.600919999999999845e+02 2.638750000000000000e+02 2.660980000000000132e+02 2.902370000000000232e+02 2.850140000000000100e+02 2.792780000000000200e+02 2.510989999999999895e+02 2.625840000000000032e+02 2.579089999999999918e+02 7.267900000000000205e+01 3.334999999999999964e+00 3.067000000000000171e+00 2.517999999999999794e+00 2.527000000000000135e+00 2.289000000000000146e+00 2.212000000000000188e+00 1.995999999999999996e+00
1.999000000000000110e+00 4.984499999999999886e+01 9.606900000000000261e+01 1.801080000000000041e+02 2.486889999999999930e+02 3.081610000000000014e+02 3.426329999999999814e+02 3.611600000000000250e+02 2.595319999999999823e+02 2.690240000000000009e+02 2.932080000000000268e+02 2.856999999999999886e+02 2.727450000000000045e+02 2.587970000000000255e+02 2.818809999999999718e+02 2.339720000000000084e+02 1.448909999999999911e+02 3.891999999999999904e+00 2.899999999999999911e+00 2.573999999999999844e+00 2.266999999999999904e+00 2.342999999999999972e+00 2.024999999999999911e+00 2.133999999999999897e+00
1.999000000000000110e+00 4.972200000000000131e+01 9.575000000000000000e+01 1.795409999999999968e+02 2.488870000000000005e+02 3.045779999999999745e+02 3.494080000000000155e+02 3.627939999999999827e+02 2.651129999999999995e+02 2.875020000000000095e+02 2.800830000000000268e+02 2.848829999999999814e+02 2.771759999999999877e+02 2.724510000000000218e+02 2.402019999999999982e+02 2.310620000000000118e+02 1.366409999999999911e+02 3.629000000000000004e+00 3.059000000000000163e+00 2.862999999999999989e+00 2.471000000000000085e+00 2.383000000000000007e+00 2.228000000000000203e+00 1.975999999999999979e+00
1.999000000000000110e+00 4.974300000000000210e+01 9.594599999999999795e+01 1.786279999999999859e+02 2.517649999999999864e+02 3.070350000000000250e+02 3.469409999999999741e+02 3.670459999999999923e+02 2.559199999999999875e+02 2.559970000000000141e+02 2.928059999999999832e+02 2.843690000000000282e+02 2.773210000000000264e+02 2.768700000000000045e+02 2.667989999999999782e+02 2.290329999999999870e+02 5.588000000000000078e+00 3.474000000000000199e+00 3.048000000000000043e+00 2.814999999999999947e+00 2.553999999999999826e+00 2.271999999999999797e+00 2.132000000000000117e+00 2.161000000000000032e+00
1.999000000000000110e+00 4.968299999999999983e+01 9.565300000000000580e+01 1.794699999999999989e+02 2.511829999999999927e+02 3.067130000000000223e+02 3.452219999999999800e+02 3.566960000000000264e+02 2.599580000000000268e+02 2.750679999999999836e+02 2.960720000000000027e+02 2.725659999999999741e+02 3.101779999999999973e+02 2.545720000000000027e+02 2.676730000000000018e+02 2.260389999999999873e+02 1.248149999999999977e+02 3.434000000000000163e+00 2.863999999999999879e+00 2.698999999999999844e+00 2.443000000000000060e+00 2.108000000000000096e+00 2.133999999999999897e+00 2.064000000000000057e+00
1.999000000000000110e+00 4.957300000000000040e+01 9.572299999999999898e+01 1.804339999999999975e+02 2.503870000000000005e+02 3.101770000000000209e+02 3.471059999999999945e+02 3.651549999999999727e+02 2.574569999999999936e+02 2.909239999999999782e+02 2.768269999999999982e+02 2.855930000000000177e+02 2.711499999999999773e+02 2.828659999999999854e+02 2.738220000000000027e+02 2.575260000000000105e+02 6.631000000000000227e+00 3.681999999999999940e+00 3.322999999999999954e+00 2.645999999999999908e+00 2.361000000000000210e+00 2.459999999999999964e+00 2.271999999999999797e+00 2.003000000000000114e+00
1.999000000000000110e+00 4.966199999999999903e+01 9.602400000000000091e+01 1.788369999999999891e+02 2.503149999999999977e+02 3.054340000000000259e+02 3.468799999999999955e+02 3.581209999999999809e+02 3.411200000000000045e+02 2.645799999999999841e+02 2.851399999999999864e+02 2.776320000000000050e+02 2.645699999999999932e+02 2.879130000000000109e+02 2.560659999999999741e+02 2.667880000000000109e+02 1.208539999999999992e+02 3.454000000000000181e+00 3.099000000000000199e+00 2.572000000000000064e+00 2.592000000000000082e+00 2.334000000000000075e+00 2.216000000000000192e+00 2.124000000000000110e+00
1.999000000000000110e+00 4.972299999999999898e+01 9.582599999999999341e+01 1.793079999999999927e+02 2.489139999999999873e+02 3.067080000000000268e+02 3.459879999999999995e+02 3.572210000000000036e+02 3.017970000000000255e+02 2.876759999999999877e+02 2.864180000000000064e+02 2.859549999999999841e+02 2.966519999999999868e+02 2.687669999999999959e+02 2.350409999999999968e+02 2.325790000000000077e+02 1.384840000000000089e+02 4.022999999999999687e+00 3.253000000000000114e+00 2.544999999999999929e+00 2.528000000000000025e+00 2.406000000000000139e+00 2.254000000000000004e+00 2.137999999999999901e+00
1.999000000000000110e+00 4.966899999999999693e+01 9.545499999999999829e+01 1.798139999999999930e+02 2.512119999999999891e+02 3.087289999999999850e+02 3.542119999999999891e+02 3.596669999999999732e+02 2.548100000000000023e+02 2.887440000000000282e+02 2.929510000000000218e+02 2.851510000000000105e+02 2.973389999999999986e+02 2.689900000000000091e+02 2.666150000000000091e+02 2.214869999999999948e+02 2.006719999999999970e+02 3.426000000000000156e+00 3.008000000000000007e+00 2.515000000000000124e+00 2.458000000000000185e+00 2.112000000000000099e+00 2.041999999999999815e+00 2.068999999999999950e+00
1.999000000000000110e+00 4.953499999999999659e+01 9.574200000000000443e+01 1.797990000000000066e+02 2.514029999999999916e+02 3.047350000000000136e+02 3.458360000000000127e+02 3.574710000000000036e+02 3.186220000000000141e+02 2.697230000000000132e+02 2.801589999999999918e+02 2.801569999999999823e+02 2.950149999999999864e+02 2.591630000000000109e+02 2.531829999999999927e+02 2.442239999999999895e+02 4.690000000000000391e+00 3.491000000000000103e+00 3.048999999999999932e+00 2.787999999999999812e+00 2.311999999999999833e+00 2.311999999999999833e+00 2.165000000000000036e+00 2.197999999999999954e+00
1.999000000000000110e+00 4.992900000000000205e+01 9.559999999999999432e+01 1.791740000000000066e+02 2.498439999999999941e+02 3.037989999999999782e+02 3.409189999999999827e+02 3.572289999999999850e+02 3.275749999999999886e+02 2.678709999999999809e+02 2.952970000000000255e+02 2.828990000000000009e+02 2.943330000000000268e+02 2.868029999999999973e+02 2.639220000000000255e+02 2.631700000000000159e+02 5.248000000000000220e+00 4.068999999999999950e+00 2.884999999999999787e+00 2.640000000000000124e+00 2.588000000000000078e+00 2.306999999999999940e+00 2.080999999999999961e+00 2.177000000000000046e+00
1.999000000000000110e+00 4.984799999999999898e+01 9.623399999999999466e+01 1.795300000000000011e+02 2.491970000000000027e+02 3.102289999999999850e+02 3.372719999999999914e+02 3.505679999999999836e+02 2.694279999999999973e+02 2.743799999999999955e+02 2.881449999999999818e+02 2.960509999999999877e+02 2.970179999999999723e+02 2.821490000000000009e+02 2.412210000000000036e+02 2.437829999999999870e+02 1.504939999999999998e+02 3.657999999999999918e+00 3.157999999999999918e+00 2.733999999999999986e+00 2.482000000000000206e+00 2.290999999999999925e+00 1.897000000000000020e+00 2.112999999999999989e+00
1.999000000000000110e+00 4.952499999999999858e+01 9.583400000000000318e+01 1.793899999999999864e+02 2.537520000000000095e+02 3.077730000000000246e+02 3.419940000000000282e+02 3.598460000000000036e+02 2.627860000000000014e+02 2.791190000000000282e+02 3.086299999999999955e+02 2.693249999999999886e+02 2.753729999999999905e+02 2.820810000000000173e+02 2.616460000000000150e+02 2.448839999999999861e+02 5.546000000000000263e+00 3.130999999999999783e+00 2.963999999999999968e+00 2.414000000000000146e+00 2.333000000000000185e+00 2.322000000000000064e+00 2.258999999999999897e+00 2.064999999999999947e+00
