1.999000000000000110e+00 4.974300000000000210e+01 9.548300000000000409e+01 1.789509999999999934e+02 2.500440000000000111e+02 3.035860000000000127e+02 3.378179999999999836e+02 3.330199999999999818e+02 2.993020000000000209e+02 3.674409999999999741e+02 3.755600000000000023e+02 3.846979999999999791e+02 3.718629999999999995e+02 3.472219999999999800e+02 3.989950000000000045e+02 3.877810000000000059e+02 3.754089999999999918e+02 3.137500000000000000e+02 2.356889999999999930e+02 4.368000000000000327e+00 3.919000000000000039e+00 3.649999999999999911e+00 3.111000000000000210e+00 2.770000000000000018e+00
1.999000000000000110e+00 4.977400000000000091e+01 9.574299999999999500e+01 1.794410000000000025e+02 2.503180000000000121e+02 3.024069999999999823e+02 3.378450000000000273e+02 2.759350000000000023e+02 3.139719999999999800e+02 3.555649999999999977e+02 3.537350000000000136e+02 3.656680000000000064e+02 3.775790000000000077e+02 3.615799999999999841e+02 3.507909999999999968e+02 3.586879999999999882e+02 3.399510000000000218e+02 2.855339999999999918e+02 3.010659999999999741e+02 9.445999999999999730e+00 3.596999999999999975e+00 3.505999999999999783e+00 3.063000000000000167e+00 3.092999999999999972e+00
1.999000000000000110e+00 4.957600000000000051e+01 9.592499999999999716e+01 1.780629999999999882e+02 2.489919999999999902e+02 3.068820000000000050e+02 3.426569999999999823e+02 2.829649999999999750e+02 3.124230000000000018e+02 3.172309999999999945e+02 3.609750000000000227e+02 3.796820000000000164e+02 3.806469999999999914e+02 3.503310000000000173e+02 3.489590000000000032e+02 3.972830000000000155e+02 3.457660000000000196e+02 3.286999999999999886e+02 2.102330000000000041e+02 4.746999999999999886e+00 3.898000000000000131e+00 3.119000000000000217e+00 2.948999999999999844e+00 2.837000000000000188e+00
1.999000000000000110e+00 4.956900000000000261e+01 9.573699999999999477e+01 1.783050000000000068e+02 2.477040000000000077e+02 3.060289999999999964e+02 3.278460000000000036e+02 2.791469999999999914e+02 3.046139999999999759e+02 3.405710000000000264e+02 3.477839999999999918e+02 3.743100000000000023e+02 3.683580000000000041e+02 3.844510000000000218e+02 3.996429999999999723e+02 3.610120000000000005e+02 3.395649999999999977e+02 3.110579999999999927e+02 1.674389999999999930e+02 3.907999999999999918e+00 4.416999999999999815e+00 3.347999999999999865e+00 2.934000000000000163e+00 2.936999999999999833e+00
1.999000000000000110e+00 4.970000000000000284e+01 9.566599999999999682e+01 1.791930000000000121e+02 2.487129999999999939e+02 3.025439999999999827e+02 3.366730000000000018e+02 2.964320000000000164e+02 3.272730000000000246e+02 3.438870000000000005e+02 3.709409999999999741e+02 3.636970000000000027e+02 3.803849999999999909e+02 3.834169999999999732e+02 3.951589999999999918e+02 3.463070000000000164e+02 3.335620000000000118e+02 3.032440000000000282e+02 3.475400000000000205e+02 4.375000000000000000e+00 3.486000000000000210e+00 3.638999999999999790e+00 3.302000000000000046e+00 2.751999999999999780e+00
1.999000000000000110e+00 4.975600000000000023e+01 9.564300000000000068e+01 1.794219999999999970e+02 2.498760000000000048e+02 2.994499999999999886e+02 3.384220000000000255e+02 2.984139999999999873e+02 3.105409999999999968e+02 3.489359999999999786e+02 3.513399999999999750e+02 3.846870000000000118e+02 3.761089999999999804e+02 3.914370000000000118e+02 3.764649999999999750e+02 3.973450000000000273e+02 3.716499999999999773e+02 2.950029999999999859e+02 2.446930000000000121e+02 3.646999999999999797e+00 4.235000000000000320e+00 3.967000000000000082e+00 3.168000000000000149e+00 2.947999999999999954e+00
1.999000000000000110e+00 4.981000000000000227e+01 9.547700000000000387e+01 1.778300000000000125e+02 2.484139999999999873e+02 3.044390000000000214e+02 3.288070000000000164e+02 2.925129999999999768e+02 3.257429999999999950e+02 3.473639999999999759e+02 3.743290000000000077e+02 3.420450000000000159e+02 3.690570000000000164e+02 4.063589999999999804e+02 3.645729999999999791e+02 3.630099999999999909e+02 3.332280000000000086e+02 2.969809999999999945e+02 1.815219999999999914e+02 5.600999999999999979e+00 3.982000000000000206e+00 3.165000000000000036e+00 3.173000000000000043e+00 2.810000000000000053e+00
1.999000000000000110e+00 4.994800000000000040e+01 9.548000000000000398e+01 1.794590000000000032e+02 2.465610000000000070e+02 2.984580000000000268e+02 3.382730000000000246e+02 2.795640000000000214e+02 3.066940000000000168e+02 3.382860000000000014e+02 3.556429999999999723e+02 3.630339999999999918e+02 3.512400000000000091e+02 3.812559999999999718e+02 3.926600000000000250e+02 3.490910000000000082e+02 3.614780000000000086e+02 3.046519999999999868e+02 2.749669999999999845e+02 6.538000000000000256e+00 3.725999999999999979e+00 3.161999999999999922e+00 3.188000000000000167e+00 3.150999999999999801e+00
1.999000000000000110e+00 4.953199999999999648e+01 9.549200000000000443e+01 1.799420000000000073e+02 2.495420000000000016e+02 3.030110000000000241e+02 3.471000000000000227e+02 2.785310000000000059e+02 3.226840000000000259e+02 3.275430000000000064e+02 3.504189999999999827e+02 3.686870000000000118e+02 3.817029999999999745e+02 3.641709999999999923e+02 4.056789999999999736e+02 3.415559999999999832e+02 3.768269999999999982e+02 3.704230000000000018e+02 2.454890000000000043e+02 4.496999999999999886e+00 3.559000000000000163e+00 3.681000000000000050e+00 3.278999999999999915e+00 2.748000000000000220e+00
1.999000000000000110e+00 4.979299999999999926e+01 9.559199999999999875e+01 1.786069999999999993e+02 2.519279999999999973e+02 3.052239999999999895e+02 3.256360000000000241e+02 2.959110000000000014e+02 3.275960000000000036e+02 3.432320000000000277e+02 3.690459999999999923e+02 3.799309999999999832e+02 3.651680000000000064e+02 3.860190000000000055e+02 3.849069999999999823e+02 3.709820000000000277e+02 3.592470000000000141e+02 3.009929999999999950e+02 6.530999999999999694e+00 5.240999999999999659e+00 3.536999999999999922e+00 3.970000000000000195e+00 3.085999999999999854e+00 3.017999999999999794e+00
1.999000000000000110e+00 4.977100000000000080e+01 9.634999999999999432e+01 1.793470000000000084e+02 2.492949999999999875e+02 3.038059999999999832e+02 3.287359999999999900e+02 2.725919999999999845e+02 3.123090000000000259e+02 3.565539999999999736e+02 3.746460000000000150e+02 3.771070000000000277e+02 3.690190000000000055e+02 3.475179999999999723e+02 3.758709999999999809e+02 3.799649999999999750e+02 3.942529999999999859e+02 3.325430000000000064e+02 9.824999999999999289e+00 3.951000000000000068e+00 3.826000000000000068e+00 3.248000000000000220e+00 2.770000000000000018e+00 2.754000000000000004e+00
1.999000000000000110e+00 4.971399999999999864e+01 9.594700000000000273e+01 1.804060000000000059e+02 2.470929999999999893e+02 3.083919999999999959e+02 3.236829999999999927e+02 2.929820000000000277e+02 3.221340000000000146e+02 3.613419999999999845e+02 3.599959999999999809e+02 3.471619999999999777e+02 3.826159999999999854e+02 3.651870000000000118e+02 4.020799999999999841e+02 3.590520000000000209e+02 3.570529999999999973e+02 3.346610000000000014e+02 2.253449999999999989e+02 5.182000000000000384e+00 3.822000000000000064e+00 3.414000000000000146e+00 3.212000000000000188e+00 2.601999999999999869e+00
1.999000000000000110e+00 4.967199999999999704e+01 9.535699999999999932e+01 1.790639999999999930e+02 2.489679999999999893e+02 3.004560000000000173e+02 3.329259999999999877e+02 2.796109999999999900e+02 3.048120000000000118e+02 3.592919999999999732e+02 3.732730000000000246e+02 3.734780000000000086e+02 4.103249999999999886e+02 3.883969999999999914e+02 3.802230000000000132e+02 3.766539999999999964e+02 3.346259999999999764e+02 3.242869999999999777e+02 3.022289999999999850e+02 4.634999999999999787e+00 3.866999999999999993e+00 2.918000000000000149e+00 3.232000000000000206e+00 2.898000000000000131e+00
1.999000000000000110e+00 4.952000000000000313e+01 9.604800000000000182e+01 1.790709999999999980e+02 2.496140000000000043e+02 3.026979999999999791e+02 3.382549999999999955e+02 2.819619999999999891e+02 3.193910000000000196e+02 3.430350000000000250e+02 3.451850000000000023e+02 3.559839999999999804e+02 3.570620000000000118e+02 3.876179999999999950e+02 3.885520000000000209e+02 3.513190000000000168e+02 3.398299999999999841e+02 3.274359999999999786e+02 2.282129999999999939e+02 6.056000000000000050e+00 3.422000000000000153e+00 3.262000000000000011e+00 3.141000000000000014e+00 2.596999999999999975e+00
1.999000000000000110e+00 4.969200000000000017e+01 9.546399999999999864e+01 1.804639999999999986e+02 2.467889999999999873e+02 2.991240000000000236e+02 3.171680000000000064e+02 2.866320000000000050e+02 3.190179999999999723e+02 3.461229999999999905e+02 3.733000000000000114e+02 3.503199999999999932e+02 3.586039999999999850e+02 3.683620000000000232e+02 3.771320000000000050e+02 3.725409999999999968e+02 3.463369999999999891e+02 3.179180000000000064e+02 2.602149999999999750e+02 5.233999999999999986e+00 4.604000000000000092e+00 3.244000000000000217e+00 3.075000000000000178e+00 3.240000000000000213e+00
1.999000000000000110e+00 4.972299999999999898e+01 9.595999999999999375e+01 1.800089999999999861e+02 2.487470000000000141e+02 3.042610000000000241e+02 3.307019999999999982e+02 2.827110000000000127e+02 3.147210000000000036e+02 3.330810000000000173e+02 3.562160000000000082e+02 3.618960000000000150e+02 3.469639999999999986e+02 3.905110000000000241e+02 3.469560000000000173e+02 3.924289999999999736e+02 3.742119999999999891e+02 3.208100000000000023e+02 8.977999999999999758e+00 5.068999999999999950e+00 3.544000000000000039e+00 3.354999999999999982e+00 2.689999999999999947e+00 2.817000000000000171e+00
1.999000000000000110e+00 4.981400000000000006e+01 9.562999999999999545e+01 1.773729999999999905e+02 2.490869999999999891e+02 3.034119999999999777e+02 3.361619999999999777e+02 2.836399999999999864e+02 3.046979999999999791e+02 3.443650000000000091e+02 3.625269999999999868e+02 3.777900000000000205e+02 3.783840000000000146e+02 3.447370000000000232e+02 3.887479999999999905e+02 3.475659999999999741e+02 3.259569999999999936e+02 3.390020000000000095e+02 1.970380000000000109e+02 5.469000000000000306e+00 3.846999999999999975e+00 3.516000000000000014e+00 3.138999999999999790e+00 2.673999999999999932e+00
1.999000000000000110e+00 4.980100000000000193e+01 9.584699999999999420e+01 1.781450000000000102e+02 2.494339999999999975e+02 3.048419999999999845e+02 3.252730000000000246e+02 2.767769999999999868e+02 3.186899999999999977e+02 3.314379999999999882e+02 3.710919999999999845e+02 3.472130000000000223e+02 3.808269999999999982e+02 3.834680000000000177e+02 3.939250000000000114e+02 3.432259999999999991e+02 3.861569999999999823e+02 3.031349999999999909e+02 2.512630000000000052e+02 4.493000000000000327e+00 3.608999999999999986e+00 3.561999999999999833e+00 2.761000000000000121e+00 2.728000000000000203e+00
1.999000000000000110e+00 4.966299999999999670e+01 9.562300000000000466e+01 1.791469999999999914e+02 2.502160000000000082e+02 3.046200000000000045e+02 3.306890000000000214e+02 2.953969999999999914e+02 3.115310000000000059e+02 3.485659999999999741e+02 3.342980000000000018e+02 3.614089999999999918e+02 3.603439999999999941e+02 3.465369999999999777e+02 3.723790000000000191e+02 3.983860000000000241e+02 3.456560000000000059e+02 2.225589999999999975e+02 1.876109999999999900e+02 4.783000000000000362e+00 3.749000000000000110e+00 3.676000000000000156e+00 3.283999999999999808e+00 2.834999999999999964e+00
1.999000000000000110e+00 4.992900000000000205e+01 9.587600000000000477e+01 1.806030000000000086e+02 2.497620000000000005e+02 2.992470000000000141e+02 3.435500000000000114e+02 2.843809999999999718e+02 3.048109999999999786e+02 3.567679999999999723e+02 3.503360000000000127e+02 3.904970000000000141e+02 3.773480000000000132e+02 3.683559999999999945e+02 3.742479999999999905e+02 3.874069999999999823e+02 3.408149999999999977e+02 2.502560000000000002e+02 2.836229999999999905e+02 4.166999999999999815e+00 4.894999999999999574e+00 3.561999999999999833e+00 2.992999999999999883e+00 2.785000000000000142e+00
1.999000000000000110e+00 4.980799999999999983e+01 9.600300000000000011e+01 1.791779999999999973e+02 2.514070000000000107e+02 3.058639999999999759e+02 3.417239999999999895e+02 2.806340000000000146e+02 2.988509999999999991e+02 3.333249999999999886e+02 3.643659999999999854e+02 3.795059999999999718e+02 3.792819999999999823e+02 3.812769999999999868e+02 3.693679999999999950e+02 3.707559999999999718e+02 3.553779999999999859e+02 3.506730000000000018e+02 5.519999999999999574e+00 5.833999999999999631e+00 4.527000000000000135e+00 3.330000000000000071e+00 3.016999999999999904e+00 3.057999999999999829e+00
1.999000000000000110e+00 4.964300000000000068e+01 9.594899999999999807e+01 1.791349999999999909e+02 2.504780000000000086e+02 3.108650000000000091e+02 3.410339999999999918e+02 2.738070000000000164e+02 3.200339999999999918e+02 3.417440000000000282e+02 3.913140000000000214e+02 3.743820000000000050e+02 3.720339999999999918e+02 3.713109999999999786e+02 3.994350000000000023e+02 3.991669999999999732e+02 3.601080000000000041e+02 3.125550000000000068e+02 5.080000000000000071e+00 9.003000000000000114e+00 3.809000000000000163e+00 3.625999999999999890e+00 3.129000000000000004e+00 2.587000000000000188e+00
1.999000000000000110e+00 4.960799999999999699e+01 9.569299999999999784e+01 1.790250000000000057e+02 2.500049999999999955e+02 3.052029999999999745e+02 3.425350000000000250e+02 2.693389999999999986e+02 3.134189999999999827e+02 3.499870000000000232e+02 3.651820000000000164e+02 3.780330000000000155e+02 3.696630000000000109e+02 4.043079999999999927e+02 3.842590000000000146e+02 3.564549999999999841e+02 3.529429999999999836e+02 3.342350000000000136e+02 2.671370000000000005e+02 4.616999999999999993e+00 3.748000000000000220e+00 3.487000000000000099e+00 2.915000000000000036e+00 2.923000000000000043e+00
1.999000000000000110e+00 4.965200000000000102e+01 9.540699999999999648e+01 1.796299999999999955e+02 2.480320000000000107e+02 3.075230000000000246e+02 3.310190000000000055e+02 2.729189999999999827e+02 3.114409999999999741e+02 3.241200000000000045e+02 3.586789999999999736e+02 3.848779999999999859e+02 3.936449999999999818e+02 3.828190000000000168e+02 4.042459999999999809e+02 3.751700000000000159e+02 3.429159999999999968e+02 3.378720000000000141e+02 6.129999999999999893e+00 4.695999999999999730e+00 3.879999999999999893e+00 3.153000000000000025e+00 2.968999999999999861e+00 2.656000000000000139e+00
1.999000000000000110e+00 4.965200000000000102e+01 9.573199999999999932e+01 1.798669999999999902e+02 2.479730000000000132e+02 3.054320000000000164e+02 3.387669999999999959e+02 2.728929999999999723e+02 3.102019999999999982e+02 3.322900000000000205e+02 3.515550000000000068e+02 3.708489999999999895e+02 3.675849999999999795e+02 3.780799999999999841e+02 3.721709999999999923e+02 3.540819999999999936e+02 3.430980000000000132e+02 3.212060000000000173e+02 2.874889999999999759e+02 4.100999999999999979e+00 4.078999999999999737e+00 3.410000000000000142e+00 3.237000000000000099e+00 2.821000000000000174e+00
