1.999000000000000110e+00 4.967199999999999704e+01 9.606799999999999784e+01 1.792839999999999918e+02 2.523509999999999991e+02 3.105330000000000155e+02 3.544750000000000227e+02 3.863650000000000091e+02 3.829759999999999991e+02 3.514110000000000014e+02 2.145399999999999920e+02 1.589149999999999920e+02 1.398890000000000100e+02 9.159499999999999886e+01 4.362000000000000099e+00 2.680000000000000160e+00 2.357000000000000206e+00 2.091000000000000192e+00 1.917999999999999927e+00 1.741000000000000103e+00 1.701000000000000068e+00 1.590999999999999970e+00 1.612000000000000099e+00 1.546999999999999931e+00
1.999000000000000110e+00 4.975699999999999790e+01 9.543699999999999761e+01 1.796930000000000121e+02 2.509550000000000125e+02 3.094189999999999827e+02 3.526569999999999823e+02 3.894309999999999832e+02 3.939449999999999932e+02 3.627470000000000141e+02 2.295159999999999911e+02 1.529399999999999977e+02 1.304610000000000127e+02 1.082990000000000066e+02 4.344999999999999751e+00 2.935999999999999943e+00 2.315999999999999837e+00 1.953999999999999959e+00 1.850999999999999979e+00 1.802000000000000046e+00 1.808999999999999941e+00 1.616999999999999993e+00 1.566999999999999948e+00 1.483999999999999986e+00
1.999000000000000110e+00 4.973899999999999721e+01 9.585899999999999466e+01 1.801179999999999950e+02 2.523789999999999907e+02 3.160989999999999895e+02 3.599440000000000168e+02 3.945090000000000146e+02 3.875330000000000155e+02 3.576499999999999773e+02 2.298559999999999945e+02 1.736160000000000139e+02 1.354199999999999875e+02 1.157830000000000013e+02 3.919999999999999929e+00 2.698999999999999844e+00 2.338999999999999968e+00 2.028000000000000025e+00 1.893999999999999906e+00 1.784000000000000030e+00 1.637999999999999901e+00 1.570000000000000062e+00 1.522000000000000020e+00 1.479000000000000092e+00
1.999000000000000110e+00 4.958899999999999864e+01 9.610599999999999454e+01 1.808069999999999879e+02 2.531330000000000098e+02 3.164429999999999836e+02 3.571569999999999823e+02 3.898380000000000223e+02 4.009270000000000209e+02 3.681320000000000050e+02 1.810380000000000109e+02 1.679530000000000030e+02 1.491750000000000114e+02 1.133509999999999991e+02 7.238999999999999879e+00 2.790000000000000036e+00 2.254999999999999893e+00 2.205999999999999961e+00 1.923000000000000043e+00 1.782000000000000028e+00 1.683999999999999941e+00 1.643999999999999906e+00 1.562000000000000055e+00 1.491999999999999993e+00
1.999000000000000110e+00 4.972699999999999676e+01 9.568000000000000682e+01 1.793979999999999961e+02 2.518830000000000098e+02 3.123709999999999809e+02 3.537149999999999750e+02 3.861170000000000186e+02 3.799800000000000182e+02 3.514680000000000177e+02 2.533849999999999909e+02 1.479259999999999877e+02 1.478290000000000077e+02 7.910099999999999909e+01 4.576999999999999957e+00 3.000999999999999890e+00 2.202999999999999847e+00 2.157000000000000028e+00 1.915999999999999925e+00 1.737000000000000099e+00 1.766000000000000014e+00 1.614999999999999991e+00 1.584000000000000075e+00 1.483999999999999986e+00
1.999000000000000110e+00 4.976599999999999824e+01 9.597700000000000387e+01 1.809430000000000121e+02 2.540939999999999941e+02 3.090609999999999786e+02 3.548070000000000164e+02 3.825000000000000000e+02 3.989220000000000255e+02 3.500749999999999886e+02 1.777969999999999970e+02 1.548290000000000077e+02 1.410300000000000011e+02 8.490399999999999636e+01 3.343999999999999861e+00 2.564999999999999947e+00 2.237000000000000099e+00 2.096999999999999975e+00 1.911000000000000032e+00 1.756999999999999895e+00 1.602999999999999980e+00 1.588999999999999968e+00 1.622999999999999998e+00 1.546000000000000041e+00
1.999000000000000110e+00 4.961399999999999721e+01 9.588299999999999557e+01 1.797030000000000030e+02 2.510519999999999925e+02 3.117959999999999923e+02 3.561669999999999732e+02 3.776920000000000073e+02 3.928330000000000268e+02 3.770860000000000127e+02 2.068549999999999898e+02 1.568520000000000039e+02 1.476829999999999927e+02 8.188400000000000034e+01 3.873000000000000220e+00 2.596999999999999975e+00 2.376999999999999780e+00 1.973999999999999977e+00 1.826999999999999957e+00 1.719999999999999973e+00 1.622999999999999998e+00 1.655000000000000027e+00 1.536000000000000032e+00 1.467000000000000082e+00
1.999000000000000110e+00 4.961599999999999966e+01 9.600000000000000000e+01 1.797350000000000136e+02 2.507510000000000048e+02 3.112980000000000018e+02 3.556709999999999923e+02 3.939610000000000127e+02 3.920679999999999836e+02 3.640350000000000250e+02 2.198040000000000020e+02 1.664790000000000134e+02 1.292930000000000064e+02 1.054240000000000066e+02 4.121000000000000441e+00 2.740000000000000213e+00 2.303999999999999826e+00 2.039000000000000146e+00 1.909999999999999920e+00 1.784999999999999920e+00 1.729000000000000092e+00 1.610999999999999988e+00 1.608000000000000096e+00 1.528999999999999915e+00
1.999000000000000110e+00 4.981900000000000261e+01 9.526099999999999568e+01 1.807489999999999952e+02 2.527930000000000064e+02 3.120400000000000205e+02 3.531179999999999950e+02 3.785439999999999827e+02 3.975910000000000082e+02 3.651490000000000009e+02 1.854950000000000045e+02 1.465949999999999989e+02 1.389950000000000045e+02 1.128820000000000050e+02 4.424999999999999822e+00 2.967999999999999972e+00 2.244000000000000217e+00 1.915999999999999925e+00 1.937000000000000055e+00 1.760999999999999899e+00 1.665000000000000036e+00 1.715999999999999970e+00 1.554000000000000048e+00 1.586000000000000076e+00
1.999000000000000110e+00 4.972999999999999687e+01 9.549099999999999966e+01 1.784639999999999986e+02 2.500269999999999868e+02 3.128050000000000068e+02 3.584970000000000141e+02 3.879390000000000214e+02 3.897830000000000155e+02 3.559390000000000214e+02 2.628829999999999814e+02 1.648509999999999991e+02 1.292539999999999907e+02 1.016219999999999999e+02 6.682000000000000384e+00 2.775999999999999801e+00 2.294000000000000039e+00 2.076999999999999957e+00 1.899000000000000021e+00 1.697999999999999954e+00 1.679999999999999938e+00 1.651999999999999913e+00 1.620999999999999996e+00 1.578000000000000069e+00
1.999000000000000110e+00 4.981600000000000250e+01 9.571099999999999852e+01 1.813369999999999891e+02 2.545540000000000020e+02 3.133589999999999804e+02 3.606720000000000255e+02 3.822950000000000159e+02 3.908170000000000073e+02 3.661960000000000264e+02 2.022359999999999900e+02 1.614900000000000091e+02 1.204800000000000040e+02 1.359890000000000043e+02 4.753000000000000114e+00 2.738999999999999879e+00 2.367999999999999883e+00 2.220000000000000195e+00 1.834000000000000075e+00 1.768999999999999906e+00 1.669999999999999929e+00 1.625999999999999890e+00 1.530999999999999917e+00 1.538000000000000034e+00
1.999000000000000110e+00 4.967000000000000171e+01 9.595099999999999341e+01 1.785399999999999920e+02 2.547030000000000030e+02 3.119100000000000250e+02 3.605289999999999964e+02 3.830760000000000218e+02 3.935670000000000073e+02 3.595190000000000055e+02 2.029739999999999895e+02 1.478710000000000093e+02 1.563849999999999909e+02 9.006699999999999307e+01 3.798000000000000043e+00 2.616999999999999993e+00 2.315999999999999837e+00 2.008000000000000007e+00 1.975999999999999979e+00 1.743000000000000105e+00 1.705999999999999961e+00 1.620999999999999996e+00 1.548999999999999932e+00 1.526000000000000023e+00
1.999000000000000110e+00 4.971999999999999886e+01 9.596899999999999409e+01 1.797690000000000055e+02 2.497340000000000089e+02 3.144660000000000082e+02 3.512330000000000041e+02 3.865769999999999982e+02 3.871179999999999950e+02 3.482579999999999814e+02 2.545860000000000127e+02 1.488340000000000032e+02 1.390929999999999893e+02 1.120450000000000017e+02 3.720000000000000195e+00 2.822000000000000064e+00 2.463000000000000078e+00 2.008000000000000007e+00 1.937000000000000055e+00 1.796000000000000041e+00 1.671999999999999931e+00 1.522000000000000020e+00 1.562999999999999945e+00 1.522999999999999909e+00
1.999000000000000110e+00 4.978399999999999892e+01 9.615800000000000125e+01 1.804159999999999968e+02 2.516430000000000007e+02 3.135040000000000191e+02 3.612880000000000109e+02 3.868759999999999764e+02 3.932660000000000196e+02 3.702389999999999759e+02 2.009629999999999939e+02 1.543559999999999945e+02 1.462309999999999945e+02 1.162300000000000040e+02 5.711000000000000298e+00 2.996999999999999886e+00 2.305000000000000160e+00 2.007000000000000117e+00 2.007000000000000117e+00 1.758999999999999897e+00 1.737999999999999989e+00 1.622999999999999998e+00 1.558000000000000052e+00 1.566000000000000059e+00
1.999000000000000110e+00 4.978000000000000114e+01 9.566599999999999682e+01 1.803909999999999911e+02 2.527539999999999907e+02 3.123140000000000214e+02 3.517930000000000064e+02 3.891990000000000123e+02 3.855720000000000027e+02 3.594900000000000091e+02 1.868009999999999877e+02 1.636980000000000075e+02 1.497920000000000016e+02 8.956300000000000239e+01 4.043999999999999595e+00 2.805000000000000160e+00 2.318999999999999950e+00 2.004000000000000004e+00 1.879000000000000004e+00 1.721000000000000085e+00 1.665000000000000036e+00 1.629000000000000004e+00 1.502999999999999892e+00 1.520000000000000018e+00
1.999000000000000110e+00 4.971399999999999864e+01 9.585999999999999943e+01 1.792040000000000077e+02 2.558969999999999914e+02 3.133500000000000227e+02 3.645489999999999782e+02 3.907520000000000095e+02 3.971299999999999955e+02 3.612529999999999859e+02 2.220639999999999930e+02 1.675219999999999914e+02 1.491959999999999980e+02 1.174440000000000026e+02 3.471000000000000085e+00 2.576000000000000068e+00 2.241999999999999993e+00 2.001999999999999780e+00 1.899000000000000021e+00 1.749000000000000110e+00 1.750999999999999890e+00 1.618000000000000105e+00 1.562999999999999945e+00 1.520999999999999908e+00
1.999000000000000110e+00 4.945499999999999829e+01 9.598799999999999955e+01 1.797450000000000045e+02 2.533969999999999914e+02 3.098609999999999900e+02 3.570790000000000077e+02 3.761340000000000146e+02 3.861019999999999754e+02 3.697509999999999764e+02 2.040629999999999882e+02 1.602690000000000055e+02 1.419319999999999879e+02 8.003600000000000136e+01 4.134999999999999787e+00 2.657000000000000028e+00 2.349000000000000199e+00 1.935000000000000053e+00 1.895999999999999908e+00 1.756000000000000005e+00 1.657000000000000028e+00 1.655000000000000027e+00 1.540999999999999925e+00 1.419999999999999929e+00
1.999000000000000110e+00 4.969899999999999807e+01 9.638899999999999579e+01 1.792359999999999900e+02 2.561909999999999741e+02 3.122760000000000105e+02 3.650140000000000100e+02 3.798929999999999723e+02 3.874519999999999982e+02 3.673129999999999882e+02 1.780099999999999909e+02 1.539559999999999889e+02 1.475070000000000050e+02 1.129180000000000064e+02 4.274000000000000021e+00 2.827999999999999847e+00 2.326999999999999957e+00 2.095000000000000195e+00 1.887999999999999901e+00 1.822000000000000064e+00 1.733000000000000096e+00 1.651000000000000023e+00 1.554999999999999938e+00 1.550999999999999934e+00
1.999000000000000110e+00 4.965200000000000102e+01 9.618200000000000216e+01 1.805689999999999884e+02 2.518509999999999991e+02 3.110559999999999832e+02 3.607200000000000273e+02 3.819440000000000168e+02 3.904879999999999995e+02 3.742540000000000191e+02 2.067940000000000111e+02 1.535399999999999920e+02 1.276719999999999970e+02 1.065049999999999955e+02 4.410000000000000142e+00 2.665999999999999925e+00 2.361000000000000210e+00 1.921000000000000041e+00 1.905000000000000027e+00 1.790000000000000036e+00 1.647999999999999909e+00 1.649000000000000021e+00 1.520999999999999908e+00 1.540000000000000036e+00
1.999000000000000110e+00 4.979200000000000159e+01 9.587000000000000455e+01 1.800749999999999886e+02 2.527880000000000109e+02 3.090120000000000005e+02 3.608539999999999850e+02 3.907610000000000241e+02 3.870659999999999741e+02 3.748210000000000264e+02 1.825639999999999930e+02 1.582340000000000089e+02 1.339099999999999966e+02 1.072810000000000059e+02 4.735000000000000320e+00 2.745999999999999996e+00 2.384999999999999787e+00 2.037999999999999812e+00 1.852999999999999980e+00 1.838999999999999968e+00 1.743000000000000105e+00 1.590999999999999970e+00 1.637999999999999901e+00 1.572999999999999954e+00
1.999000000000000110e+00 4.988600000000000279e+01 9.562800000000000011e+01 1.803220000000000027e+02 2.500560000000000116e+02 3.087690000000000055e+02 3.599060000000000059e+02 3.884879999999999995e+02 3.825129999999999768e+02 3.642119999999999891e+02 2.077560000000000002e+02 1.655600000000000023e+02 1.252330000000000041e+02 1.136650000000000063e+02 3.754000000000000004e+00 2.705000000000000071e+00 2.302999999999999936e+00 2.065999999999999837e+00 1.814000000000000057e+00 1.778999999999999915e+00 1.693999999999999950e+00 1.651000000000000023e+00 1.568000000000000060e+00 1.500999999999999890e+00
1.999000000000000110e+00 4.963100000000000023e+01 9.557399999999999807e+01 1.795560000000000116e+02 2.520120000000000005e+02 3.108070000000000164e+02 3.586150000000000091e+02 3.862669999999999959e+02 3.956419999999999959e+02 3.568840000000000146e+02 1.844139999999999873e+02 1.567940000000000111e+02 1.523170000000000073e+02 9.165999999999999659e+01 4.554999999999999716e+00 2.871999999999999886e+00 2.274999999999999911e+00 2.061999999999999833e+00 1.927000000000000046e+00 1.731999999999999984e+00 1.739999999999999991e+00 1.596999999999999975e+00 1.602000000000000091e+00 1.522999999999999909e+00
1.999000000000000110e+00 4.973400000000000176e+01 9.555299999999999727e+01 1.804449999999999932e+02 2.517319999999999993e+02 3.112370000000000232e+02 3.583349999999999795e+02 3.909970000000000141e+02 3.992409999999999854e+02 3.605550000000000068e+02 2.434499999999999886e+02 1.445020000000000095e+02 1.397410000000000139e+02 1.135019999999999953e+02 4.229000000000000092e+00 2.536000000000000032e+00 2.422000000000000153e+00 2.016000000000000014e+00 1.909000000000000030e+00 1.784000000000000030e+00 1.743999999999999995e+00 1.616999999999999993e+00 1.516000000000000014e+00 1.449000000000000066e+00
1.999000000000000110e+00 4.965599999999999881e+01 9.567799999999999727e+01 1.806440000000000055e+02 2.545469999999999970e+02 3.062740000000000009e+02 3.646779999999999973e+02 3.764839999999999804e+02 3.940550000000000068e+02 3.658029999999999973e+02 1.819579999999999984e+02 1.565130000000000052e+02 1.428449999999999989e+02 1.335610000000000070e+02 3.912999999999999812e+00 2.798999999999999932e+00 2.290000000000000036e+00 2.093999999999999861e+00 1.927999999999999936e+00 1.760999999999999899e+00 1.729000000000000092e+00 1.699999999999999956e+00 1.643000000000000016e+00 1.491000000000000103e+00
1.999000000000000110e+00 4.974900000000000233e+01 9.604600000000000648e+01 1.802390000000000043e+02 2.499399999999999977e+02 3.101429999999999723e+02 3.595190000000000055e+02 3.893679999999999950e+02 3.974239999999999782e+02 3.424560000000000173e+02 1.946289999999999907e+02 1.556040000000000134e+02 1.473089999999999975e+02 1.105769999999999982e+02 3.829000000000000181e+00 2.624000000000000110e+00 2.302999999999999936e+00 2.017999999999999794e+00 1.901000000000000023e+00 1.818000000000000060e+00 1.778999999999999915e+00 1.631999999999999895e+00 1.540000000000000036e+00 1.568999999999999950e+00
