1.999000000000000110e+00 4.961200000000000188e+01 9.628300000000000125e+01 1.800490000000000066e+02 2.515970000000000084e+02 3.116600000000000250e+02 3.538659999999999854e+02 3.747980000000000018e+02 3.747880000000000109e+02 3.053870000000000005e+02 2.130380000000000109e+02 2.243930000000000007e+02 1.973569999999999993e+02 1.679699999999999989e+02 1.506680000000000064e+02 3.746999999999999886e+00 2.834000000000000075e+00 2.577999999999999847e+00 2.212000000000000188e+00 2.023000000000000131e+00 1.985999999999999988e+00 1.796999999999999931e+00 1.760000000000000009e+00 1.762000000000000011e+00
1.999000000000000110e+00 4.978799999999999670e+01 9.607800000000000296e+01 1.799970000000000141e+02 2.512290000000000134e+02 3.103929999999999723e+02 3.559110000000000014e+02 3.718020000000000209e+02 3.756899999999999977e+02 2.400509999999999877e+02 2.166289999999999907e+02 2.110169999999999959e+02 2.027680000000000007e+02 1.670500000000000114e+02 1.762259999999999991e+02 4.480000000000000426e+00 2.797000000000000153e+00 2.559000000000000163e+00 2.492999999999999883e+00 1.951000000000000068e+00 1.993999999999999995e+00 1.784999999999999920e+00 1.733999999999999986e+00 1.699999999999999956e+00
1.999000000000000110e+00 4.978399999999999892e+01 9.606300000000000239e+01 1.792400000000000091e+02 2.496109999999999900e+02 3.049540000000000077e+02 3.548509999999999991e+02 3.792350000000000136e+02 3.728149999999999977e+02 2.564429999999999836e+02 2.306450000000000102e+02 2.315740000000000123e+02 2.184869999999999948e+02 1.864799999999999898e+02 1.665469999999999970e+02 3.738999999999999879e+00 2.995999999999999996e+00 2.399999999999999911e+00 2.210999999999999854e+00 1.965999999999999970e+00 1.967999999999999972e+00 1.901000000000000023e+00 1.794999999999999929e+00 1.719999999999999973e+00
1.999000000000000110e+00 4.970199999999999818e+01 9.532099999999999795e+01 1.790070000000000050e+02 2.515860000000000127e+02 3.104150000000000205e+02 3.541259999999999764e+02 3.868659999999999854e+02 3.717400000000000091e+02 2.393160000000000025e+02 2.151310000000000002e+02 2.225660000000000025e+02 2.264970000000000141e+02 1.985169999999999959e+02 1.557340000000000089e+02 4.384999999999999787e+00 2.900999999999999801e+00 2.504000000000000004e+00 2.220000000000000195e+00 2.161999999999999922e+00 1.943000000000000060e+00 1.794000000000000039e+00 1.741000000000000103e+00 1.832000000000000073e+00
1.999000000000000110e+00 4.959899999999999665e+01 9.554399999999999693e+01 1.796339999999999861e+02 2.497740000000000009e+02 3.059929999999999950e+02 3.518690000000000282e+02 3.722269999999999754e+02 3.506639999999999873e+02 2.393679999999999950e+02 2.128199999999999932e+02 2.291210000000000093e+02 2.100780000000000030e+02 1.955920000000000130e+02 1.222139999999999986e+02 6.616999999999999993e+00 2.932999999999999829e+00 2.488999999999999879e+00 2.245000000000000107e+00 2.055000000000000160e+00 1.935999999999999943e+00 1.816000000000000059e+00 1.786000000000000032e+00 1.735000000000000098e+00
1.999000000000000110e+00 4.958100000000000307e+01 9.557500000000000284e+01 1.795730000000000075e+02 2.502199999999999989e+02 3.081070000000000277e+02 3.526190000000000282e+02 3.795280000000000200e+02 3.660439999999999827e+02 2.709529999999999745e+02 2.200320000000000107e+02 2.239180000000000064e+02 1.958170000000000073e+02 1.974379999999999882e+02 1.568919999999999959e+02 3.729999999999999982e+00 3.210999999999999854e+00 2.438000000000000167e+00 2.317000000000000171e+00 2.142999999999999794e+00 1.967000000000000082e+00 1.874000000000000110e+00 1.832999999999999963e+00 1.820999999999999952e+00
1.999000000000000110e+00 4.977700000000000102e+01 9.611899999999999977e+01 1.812680000000000007e+02 2.520169999999999959e+02 3.093299999999999841e+02 3.543969999999999914e+02 3.831410000000000196e+02 3.724250000000000114e+02 2.882029999999999745e+02 2.193369999999999891e+02 2.061539999999999964e+02 2.074310000000000116e+02 1.941839999999999975e+02 1.462630000000000052e+02 3.585999999999999854e+00 3.069999999999999840e+00 2.283999999999999808e+00 2.232000000000000206e+00 2.132000000000000117e+00 1.957999999999999963e+00 1.872999999999999998e+00 1.774999999999999911e+00 1.796999999999999931e+00
1.999000000000000110e+00 4.990200000000000102e+01 9.574299999999999500e+01 1.812040000000000077e+02 2.513779999999999859e+02 3.128330000000000268e+02 3.573290000000000077e+02 3.705129999999999768e+02 3.574850000000000136e+02 3.035649999999999977e+02 2.191759999999999877e+02 2.131740000000000066e+02 2.108849999999999909e+02 1.876459999999999866e+02 1.712030000000000030e+02 3.866999999999999993e+00 3.037999999999999812e+00 2.701999999999999957e+00 2.350999999999999979e+00 1.935000000000000053e+00 1.915999999999999925e+00 1.852999999999999980e+00 1.774000000000000021e+00 1.635000000000000009e+00
1.999000000000000110e+00 4.970400000000000063e+01 9.612999999999999545e+01 1.790610000000000070e+02 2.517709999999999866e+02 3.034619999999999891e+02 3.509239999999999782e+02 3.716100000000000136e+02 3.780699999999999932e+02 2.755350000000000250e+02 2.378410000000000082e+02 2.075310000000000059e+02 2.033849999999999909e+02 1.920749999999999886e+02 1.613400000000000034e+02 4.323000000000000398e+00 2.922000000000000153e+00 2.366999999999999993e+00 2.271999999999999797e+00 2.013999999999999790e+00 1.951000000000000068e+00 1.993000000000000105e+00 1.879999999999999893e+00 1.826999999999999957e+00
1.999000000000000110e+00 4.968800000000000239e+01 9.610800000000000409e+01 1.805819999999999936e+02 2.536150000000000091e+02 3.138170000000000073e+02 3.514030000000000200e+02 3.829230000000000018e+02 3.664019999999999868e+02 2.969859999999999900e+02 2.102539999999999907e+02 2.448509999999999991e+02 2.052429999999999950e+02 1.710459999999999923e+02 1.533369999999999891e+02 4.645999999999999908e+00 2.866999999999999993e+00 2.565999999999999837e+00 2.129999999999999893e+00 2.027000000000000135e+00 1.911999999999999922e+00 1.879000000000000004e+00 1.717999999999999972e+00 1.691999999999999948e+00
1.999000000000000110e+00 4.960199999999999676e+01 9.614499999999999602e+01 1.791469999999999914e+02 2.503580000000000041e+02 3.063129999999999882e+02 3.546569999999999823e+02 3.797590000000000146e+02 3.726089999999999804e+02 2.895230000000000246e+02 2.235229999999999961e+02 2.277129999999999939e+02 2.038139999999999930e+02 1.799070000000000107e+02 1.740809999999999889e+02 3.520999999999999908e+00 2.822000000000000064e+00 2.677000000000000046e+00 2.204000000000000181e+00 2.226999999999999869e+00 1.903999999999999915e+00 1.824999999999999956e+00 1.864999999999999991e+00 1.665999999999999925e+00
1.999000000000000110e+00 4.957800000000000296e+01 9.586100000000000421e+01 1.797290000000000134e+02 2.528640000000000043e+02 3.148100000000000023e+02 3.490369999999999777e+02 3.807789999999999964e+02 3.731290000000000191e+02 3.174700000000000273e+02 2.117319999999999993e+02 2.172340000000000089e+02 2.228640000000000043e+02 1.879449999999999932e+02 1.892150000000000034e+02 4.578000000000000291e+00 2.939999999999999947e+00 2.471000000000000085e+00 2.230999999999999872e+00 2.077999999999999847e+00 1.852999999999999980e+00 1.739000000000000101e+00 1.860999999999999988e+00 1.627999999999999892e+00
1.999000000000000110e+00 4.961699999999999733e+01 9.619700000000000273e+01 1.801949999999999932e+02 2.499139999999999873e+02 3.096700000000000159e+02 3.500249999999999773e+02 3.900899999999999750e+02 3.770690000000000168e+02 2.855389999999999873e+02 2.209770000000000039e+02 2.188079999999999927e+02 2.092139999999999986e+02 1.906430000000000007e+02 1.497750000000000057e+02 3.943000000000000060e+00 2.888999999999999790e+00 2.537999999999999812e+00 2.103000000000000203e+00 2.157000000000000028e+00 1.969999999999999973e+00 1.806000000000000050e+00 1.677000000000000046e+00 1.731999999999999984e+00
1.999000000000000110e+00 4.972899999999999920e+01 9.587000000000000455e+01 1.815229999999999961e+02 2.529670000000000130e+02 3.084700000000000273e+02 3.553199999999999932e+02 3.732300000000000182e+02 3.672160000000000082e+02 3.224180000000000064e+02 2.213750000000000000e+02 2.147839999999999918e+02 2.118139999999999930e+02 2.023959999999999866e+02 1.691250000000000000e+02 5.096000000000000085e+00 2.787999999999999812e+00 2.367999999999999883e+00 2.221000000000000085e+00 1.993000000000000105e+00 1.812999999999999945e+00 1.832000000000000073e+00 1.786999999999999922e+00 1.727999999999999980e+00
1.999000000000000110e+00 4.987800000000000011e+01 9.545199999999999818e+01 1.788379999999999939e+02 2.534010000000000105e+02 3.095799999999999841e+02 3.502669999999999959e+02 3.772919999999999732e+02 3.701580000000000155e+02 2.758090000000000259e+02 2.156949999999999932e+02 2.091210000000000093e+02 2.045589999999999975e+02 1.849449999999999932e+02 1.762280000000000086e+02 4.209999999999999964e+00 3.036999999999999922e+00 2.424999999999999822e+00 2.169000000000000039e+00 2.112999999999999989e+00 1.929000000000000048e+00 1.868999999999999995e+00 1.737000000000000099e+00 1.725999999999999979e+00
1.999000000000000110e+00 4.963300000000000267e+01 9.614700000000000557e+01 1.799269999999999925e+02 2.495790000000000077e+02 3.098460000000000036e+02 3.568580000000000041e+02 3.800419999999999732e+02 3.683570000000000277e+02 2.534699999999999989e+02 2.211450000000000102e+02 2.167379999999999995e+02 2.038629999999999995e+02 1.820310000000000059e+02 1.536899999999999977e+02 4.498999999999999666e+00 3.033999999999999808e+00 2.459999999999999964e+00 2.217999999999999972e+00 2.015000000000000124e+00 1.937999999999999945e+00 1.814000000000000057e+00 1.792000000000000037e+00 1.780000000000000027e+00
1.999000000000000110e+00 4.974300000000000210e+01 9.526800000000000068e+01 1.806320000000000050e+02 2.477909999999999968e+02 3.103310000000000173e+02 3.512110000000000127e+02 3.814440000000000168e+02 3.792040000000000077e+02 2.389720000000000084e+02 2.211539999999999964e+02 2.015809999999999889e+02 2.063569999999999993e+02 2.034480000000000075e+02 1.526330000000000098e+02 3.873000000000000220e+00 2.916999999999999815e+00 2.432999999999999829e+00 2.173000000000000043e+00 2.080999999999999961e+00 1.949000000000000066e+00 1.901999999999999913e+00 1.782000000000000028e+00 1.747000000000000108e+00
1.999000000000000110e+00 4.976800000000000068e+01 9.555299999999999727e+01 1.815380000000000109e+02 2.540879999999999939e+02 3.110550000000000068e+02 3.521270000000000095e+02 3.766770000000000209e+02 3.679809999999999945e+02 2.612169999999999845e+02 1.996080000000000041e+02 2.187059999999999889e+02 2.065060000000000002e+02 2.111769999999999925e+02 1.784099999999999966e+02 4.777000000000000135e+00 2.810999999999999943e+00 2.241999999999999993e+00 2.036999999999999922e+00 1.985000000000000098e+00 1.931000000000000050e+00 1.893999999999999906e+00 1.703999999999999959e+00 1.754999999999999893e+00
1.999000000000000110e+00 4.972699999999999676e+01 9.523699999999999477e+01 1.797460000000000093e+02 2.527359999999999900e+02 3.122280000000000086e+02 3.498199999999999932e+02 3.763399999999999750e+02 3.687269999999999754e+02 2.957760000000000105e+02 2.277800000000000011e+02 2.219780000000000086e+02 2.080900000000000034e+02 1.960120000000000005e+02 1.512729999999999961e+02 4.463000000000000078e+00 3.003000000000000114e+00 2.394000000000000128e+00 2.206999999999999851e+00 2.133000000000000007e+00 1.945999999999999952e+00 1.877000000000000002e+00 1.739999999999999991e+00 1.703999999999999959e+00
1.999000000000000110e+00 4.972099999999999653e+01 9.612099999999999511e+01 1.798750000000000000e+02 2.510140000000000100e+02 3.084590000000000032e+02 3.539490000000000123e+02 3.811539999999999964e+02 3.620649999999999977e+02 2.732230000000000132e+02 2.076510000000000105e+02 2.158849999999999909e+02 2.106129999999999995e+02 1.779660000000000082e+02 1.393520000000000039e+02 4.078999999999999737e+00 2.967999999999999972e+00 2.455999999999999961e+00 2.236000000000000210e+00 2.269000000000000128e+00 1.927000000000000046e+00 1.893999999999999906e+00 1.699999999999999956e+00 1.725000000000000089e+00
1.999000000000000110e+00 4.957000000000000028e+01 9.595799999999999841e+01 1.786169999999999902e+02 2.513820000000000050e+02 3.070160000000000196e+02 3.581200000000000045e+02 3.748319999999999936e+02 3.672400000000000091e+02 2.907640000000000100e+02 2.188789999999999907e+02 2.224209999999999923e+02 1.880689999999999884e+02 1.909480000000000075e+02 1.790759999999999934e+02 4.695000000000000284e+00 2.670999999999999819e+00 2.266999999999999904e+00 2.236000000000000210e+00 1.965999999999999970e+00 2.020999999999999908e+00 1.969999999999999973e+00 1.786000000000000032e+00 1.752999999999999892e+00
1.999000000000000110e+00 4.956700000000000017e+01 9.593300000000000693e+01 1.797870000000000061e+02 2.498979999999999961e+02 3.111340000000000146e+02 3.497559999999999718e+02 3.779929999999999950e+02 3.784809999999999945e+02 2.501080000000000041e+02 2.281299999999999955e+02 2.058810000000000002e+02 1.921750000000000114e+02 1.921129999999999995e+02 1.497330000000000041e+02 3.849000000000000199e+00 2.919000000000000039e+00 2.475999999999999979e+00 2.217999999999999972e+00 1.943000000000000060e+00 2.021999999999999797e+00 1.872999999999999998e+00 1.810999999999999943e+00 1.824000000000000066e+00
1.999000000000000110e+00 4.984599999999999653e+01 9.595999999999999375e+01 1.811059999999999945e+02 2.519519999999999982e+02 3.131179999999999950e+02 3.532880000000000109e+02 3.786739999999999782e+02 3.758530000000000086e+02 2.531229999999999905e+02 2.133919999999999959e+02 2.105519999999999925e+02 2.097609999999999957e+02 1.970869999999999891e+02 1.670589999999999975e+02 4.293999999999999595e+00 3.157999999999999918e+00 2.436999999999999833e+00 2.299999999999999822e+00 1.947000000000000064e+00 1.989999999999999991e+00 1.923999999999999932e+00 1.764000000000000012e+00 1.639000000000000012e+00
1.999000000000000110e+00 4.981700000000000017e+01 9.588700000000000045e+01 1.804660000000000082e+02 2.521899999999999977e+02 3.095489999999999782e+02 3.534879999999999995e+02 3.753600000000000136e+02 3.670409999999999968e+02 2.620070000000000050e+02 1.970440000000000111e+02 2.150250000000000057e+02 2.205010000000000048e+02 1.888180000000000121e+02 1.471059999999999945e+02 3.696000000000000174e+00 2.669999999999999929e+00 2.520999999999999908e+00 2.283999999999999808e+00 2.150999999999999801e+00 1.903000000000000025e+00 1.949000000000000066e+00 1.758999999999999897e+00 1.723000000000000087e+00
1.999000000000000110e+00 4.958599999999999852e+01 9.597899999999999920e+01 1.796500000000000057e+02 2.504639999999999986e+02 3.092119999999999891e+02 3.487169999999999845e+02 3.761449999999999818e+02 3.671659999999999968e+02 2.383329999999999984e+02 2.319209999999999923e+02 2.227959999999999923e+02 1.898149999999999977e+02 1.813580000000000041e+02 1.287470000000000141e+02 4.500000000000000000e+00 2.807999999999999829e+00 2.467000000000000082e+00 2.205999999999999961e+00 2.040000000000000036e+00 1.961000000000000076e+00 1.816000000000000059e+00 1.875999999999999890e+00 1.830000000000000071e+00
