1.999000000000000110e+00 4.956400000000000006e+01 9.557500000000000284e+01 1.766279999999999859e+02 2.339790000000000134e+02 2.774139999999999873e+02 3.370470000000000255e+02 3.867200000000000273e+02 4.460230000000000246e+02 5.162359999999999900e+02 5.642029999999999745e+02 5.645729999999999791e+02 5.743940000000000055e+02 6.400639999999999645e+02 6.118429999999999609e+02 6.863540000000000418e+02 6.630470000000000255e+02 7.279109999999999445e+02 7.421359999999999673e+02 7.751599999999999682e+02 7.839370000000000118e+02 7.629669999999999845e+02 7.961889999999999645e+02 8.571539999999999964e+02
1.999000000000000110e+00 4.953099999999999881e+01 9.602100000000000080e+01 1.779279999999999973e+02 2.345840000000000032e+02 2.809320000000000164e+02 3.428659999999999854e+02 4.024820000000000277e+02 4.343419999999999845e+02 4.995260000000000105e+02 5.308250000000000455e+02 5.452870000000000346e+02 5.695620000000000118e+02 6.041630000000000109e+02 6.257549999999999955e+02 6.756889999999999645e+02 7.167430000000000518e+02 7.396409999999999627e+02 7.391950000000000500e+02 7.984719999999999800e+02 7.688740000000000236e+02 7.575069999999999482e+02 7.489170000000000300e+02 7.371699999999999591e+02
1.999000000000000110e+00 4.958299999999999841e+01 9.544299999999999784e+01 1.771500000000000057e+02 2.357160000000000082e+02 2.732119999999999891e+02 3.338210000000000264e+02 3.903310000000000173e+02 4.462909999999999968e+02 4.999780000000000086e+02 5.291309999999999718e+02 5.954420000000000073e+02 6.035979999999999563e+02 6.026319999999999482e+02 6.309020000000000437e+02 6.709220000000000255e+02 6.990399999999999636e+02 7.466399999999999864e+02 7.524610000000000127e+02 7.995289999999999964e+02 7.872309999999999945e+02 8.421209999999999809e+02 7.585009999999999764e+02 7.609840000000000373e+02
1.999000000000000110e+00 4.959300000000000352e+01 9.538899999999999579e+01 1.761819999999999879e+02 2.215960000000000036e+02 2.728550000000000182e+02 3.384049999999999727e+02 3.964200000000000159e+02 4.708000000000000114e+02 4.958949999999999818e+02 5.441879999999999882e+02 5.864009999999999536e+02 6.062050000000000409e+02 6.233970000000000482e+02 6.465789999999999509e+02 6.504450000000000500e+02 7.286130000000000564e+02 7.355040000000000191e+02 7.654959999999999809e+02 8.068740000000000236e+02 7.868559999999999945e+02 8.137019999999999982e+02 7.806280000000000427e+02 8.045549999999999500e+02
1.999000000000000110e+00 4.958700000000000330e+01 9.558799999999999386e+01 1.774710000000000036e+02 2.313060000000000116e+02 2.711480000000000246e+02 3.399519999999999982e+02 3.830079999999999814e+02 4.458799999999999955e+02 5.032280000000000086e+02 5.596710000000000491e+02 5.531939999999999600e+02 5.819519999999999982e+02 6.102949999999999591e+02 6.346340000000000146e+02 6.755480000000000018e+02 7.060299999999999727e+02 7.725810000000000173e+02 7.772169999999999845e+02 7.864270000000000209e+02 7.845900000000000318e+02 7.381689999999999827e+02 8.256849999999999454e+02 7.741559999999999491e+02
1.999000000000000110e+00 4.977100000000000080e+01 9.565000000000000568e+01 1.773830000000000098e+02 2.391119999999999948e+02 2.777810000000000059e+02 3.342350000000000136e+02 3.841490000000000009e+02 4.332830000000000155e+02 4.933659999999999854e+02 5.412150000000000318e+02 5.784429999999999836e+02 5.585910000000000082e+02 5.974279999999999973e+02 6.096430000000000291e+02 6.435320000000000391e+02 6.957839999999999918e+02 7.380589999999999691e+02 7.946380000000000337e+02 7.735330000000000155e+02 8.005080000000000382e+02 8.606820000000000164e+02 8.055230000000000246e+02 7.755009999999999764e+02
1.999000000000000110e+00 4.969700000000000273e+01 9.490399999999999636e+01 1.775289999999999964e+02 2.360689999999999884e+02 2.825830000000000268e+02 3.320889999999999986e+02 3.805020000000000095e+02 4.460430000000000064e+02 5.020210000000000150e+02 5.529719999999999800e+02 5.674279999999999973e+02 6.034339999999999691e+02 6.139660000000000082e+02 6.608579999999999472e+02 6.740789999999999509e+02 6.975359999999999445e+02 7.085349999999999682e+02 7.706739999999999782e+02 7.715800000000000409e+02 8.312809999999999491e+02 8.020389999999999873e+02 8.172100000000000364e+02 8.477300000000000182e+02
1.999000000000000110e+00 4.971200000000000330e+01 9.551800000000000068e+01 1.769110000000000014e+02 2.409410000000000025e+02 2.709700000000000273e+02 3.423799999999999955e+02 3.971019999999999754e+02 4.580110000000000241e+02 5.143680000000000518e+02 5.453490000000000464e+02 5.746019999999999754e+02 5.794880000000000564e+02 6.239020000000000437e+02 6.659610000000000127e+02 7.002409999999999854e+02 6.587229999999999563e+02 7.462480000000000473e+02 7.528590000000000373e+02 7.440800000000000409e+02 7.645170000000000528e+02 7.819260000000000446e+02 8.363039999999999736e+02 7.475940000000000509e+02
1.999000000000000110e+00 4.994899999999999807e+01 9.544100000000000250e+01 1.778760000000000048e+02 2.392719999999999914e+02 2.826190000000000282e+02 3.321179999999999950e+02 3.844180000000000064e+02 4.359270000000000209e+02 4.988779999999999859e+02 5.545180000000000291e+02 5.552749999999999773e+02 5.894890000000000327e+02 6.156710000000000491e+02 6.455040000000000191e+02 6.798949999999999818e+02 6.916810000000000400e+02 6.877740000000000009e+02 7.454880000000000564e+02 7.847740000000000009e+02 8.061770000000000209e+02 7.505220000000000482e+02 8.003550000000000182e+02 8.197500000000000000e+02
1.999000000000000110e+00 4.982000000000000028e+01 9.582699999999999818e+01 1.768290000000000077e+02 2.414190000000000111e+02 2.718870000000000005e+02 3.387699999999999818e+02 3.961739999999999782e+02 4.610790000000000077e+02 4.848550000000000182e+02 5.553949999999999818e+02 5.715109999999999673e+02 6.009310000000000400e+02 6.097949999999999591e+02 6.319500000000000455e+02 6.505030000000000427e+02 7.261190000000000282e+02 7.116970000000000027e+02 8.095389999999999873e+02 7.704629999999999654e+02 8.451770000000000209e+02 7.436509999999999536e+02 8.406950000000000500e+02 8.057419999999999618e+02
1.999000000000000110e+00 4.964999999999999858e+01 9.580899999999999750e+01 1.785579999999999927e+02 2.420229999999999961e+02 2.675710000000000264e+02 3.474259999999999877e+02 3.846999999999999886e+02 4.522780000000000200e+02 4.993129999999999882e+02 5.181159999999999854e+02 5.765000000000000000e+02 5.930289999999999964e+02 6.185990000000000464e+02 6.019880000000000564e+02 6.732789999999999964e+02 6.714840000000000373e+02 7.249880000000000564e+02 7.585639999999999645e+02 7.108909999999999627e+02 8.114299999999999500e+02 7.795660000000000309e+02 7.612930000000000064e+02 8.486399999999999864e+02
1.999000000000000110e+00 4.966799999999999926e+01 9.557099999999999795e+01 1.777040000000000077e+02 2.369490000000000123e+02 2.768519999999999754e+02 3.230029999999999859e+02 3.879879999999999995e+02 4.417660000000000196e+02 5.045389999999999873e+02 5.441989999999999554e+02 5.685170000000000528e+02 5.991299999999999955e+02 6.140489999999999782e+02 6.502680000000000291e+02 7.011000000000000227e+02 6.917849999999999682e+02 7.259510000000000218e+02 8.048010000000000446e+02 7.558089999999999691e+02 8.146530000000000200e+02 7.605729999999999791e+02 7.070140000000000100e+02 7.992569999999999482e+02
1.999000000000000110e+00 4.956799999999999784e+01 9.628400000000000603e+01 1.771459999999999866e+02 2.409879999999999995e+02 2.787099999999999795e+02 3.335679999999999836e+02 3.863009999999999877e+02 4.541299999999999955e+02 4.950980000000000132e+02 5.590209999999999582e+02 5.893060000000000400e+02 5.860929999999999609e+02 5.987500000000000000e+02 6.464429999999999836e+02 6.626330000000000382e+02 7.253619999999999663e+02 7.322210000000000036e+02 7.190620000000000118e+02 8.222939999999999827e+02 8.131979999999999791e+02 7.547680000000000291e+02 9.158279999999999745e+02 8.153269999999999982e+02
1.999000000000000110e+00 4.951899999999999835e+01 9.543300000000000693e+01 1.775229999999999961e+02 2.407930000000000064e+02 2.700710000000000264e+02 3.248039999999999736e+02 3.820779999999999745e+02 4.534800000000000182e+02 5.052690000000000055e+02 5.342029999999999745e+02 5.760579999999999927e+02 5.971739999999999782e+02 5.872039999999999509e+02 5.990359999999999445e+02 6.444339999999999691e+02 7.040270000000000437e+02 7.267369999999999663e+02 7.752559999999999718e+02 6.979199999999999591e+02 7.846290000000000191e+02 7.790779999999999745e+02 8.074569999999999936e+02 8.064420000000000073e+02
1.999000000000000110e+00 4.969400000000000261e+01 9.599099999999999966e+01 1.773619999999999948e+02 2.386270000000000095e+02 2.708489999999999895e+02 3.366809999999999832e+02 3.967980000000000018e+02 4.381929999999999836e+02 5.026549999999999727e+02 5.585700000000000500e+02 5.811570000000000391e+02 5.855650000000000546e+02 6.000670000000000073e+02 6.359930000000000518e+02 6.630159999999999627e+02 6.937749999999999773e+02 7.387530000000000427e+02 7.751929999999999836e+02 7.097889999999999873e+02 8.510969999999999800e+02 7.466019999999999754e+02 7.902319999999999709e+02 7.464629999999999654e+02
1.999000000000000110e+00 4.976100000000000279e+01 9.589199999999999591e+01 1.775389999999999873e+02 2.298120000000000118e+02 2.681580000000000155e+02 3.358679999999999950e+02 3.904030000000000200e+02 4.496689999999999827e+02 4.938310000000000173e+02 5.556910000000000309e+02 5.699180000000000064e+02 6.156580000000000155e+02 6.105280000000000200e+02 5.942259999999999991e+02 6.626730000000000018e+02 6.511119999999999663e+02 7.268369999999999891e+02 7.608310000000000173e+02 8.272440000000000282e+02 7.903519999999999754e+02 8.187820000000000391e+02 8.535059999999999718e+02 7.268289999999999509e+02
1.999000000000000110e+00 4.964200000000000301e+01 9.581399999999999295e+01 1.798969999999999914e+02 2.356270000000000095e+02 2.640930000000000177e+02 3.391480000000000246e+02 3.898999999999999773e+02 4.246360000000000241e+02 5.171630000000000109e+02 5.520789999999999509e+02 5.591059999999999945e+02 5.682649999999999864e+02 6.319220000000000255e+02 6.297469999999999573e+02 7.348730000000000473e+02 6.760330000000000155e+02 7.393750000000000000e+02 7.666520000000000437e+02 7.431069999999999709e+02 7.653020000000000209e+02 8.073579999999999472e+02 8.276250000000000000e+02 7.406109999999999900e+02
1.999000000000000110e+00 4.972200000000000131e+01 9.523300000000000409e+01 1.778429999999999893e+02 2.370999999999999943e+02 2.766739999999999782e+02 3.298860000000000241e+02 3.976870000000000118e+02 4.512490000000000236e+02 5.059060000000000059e+02 5.802970000000000255e+02 5.858990000000000009e+02 5.826050000000000182e+02 6.042300000000000182e+02 6.357889999999999873e+02 6.721520000000000437e+02 7.276449999999999818e+02 6.749869999999999663e+02 7.749210000000000491e+02 7.408189999999999600e+02 7.986849999999999454e+02 7.671169999999999618e+02 8.227219999999999800e+02 8.247089999999999463e+02
1.999000000000000110e+00 4.966799999999999926e+01 9.547499999999999432e+01 1.786109999999999900e+02 2.413679999999999950e+02 2.688020000000000209e+02 3.419370000000000118e+02 3.920579999999999927e+02 4.468720000000000141e+02 5.092950000000000159e+02 5.551570000000000391e+02 5.589400000000000546e+02 5.868970000000000482e+02 6.050810000000000173e+02 6.160289999999999964e+02 6.523949999999999818e+02 7.157680000000000291e+02 7.245900000000000318e+02 7.766599999999999682e+02 7.822290000000000418e+02 8.098619999999999663e+02 8.438980000000000246e+02 8.037350000000000136e+02 7.831939999999999600e+02
1.999000000000000110e+00 4.979500000000000171e+01 9.553600000000000136e+01 1.779490000000000123e+02 2.405380000000000109e+02 2.614649999999999750e+02 3.223240000000000123e+02 3.944119999999999777e+02 4.416009999999999991e+02 5.003550000000000182e+02 5.531209999999999809e+02 5.700689999999999600e+02 5.720819999999999936e+02 6.127530000000000427e+02 5.993160000000000309e+02 6.692269999999999754e+02 7.265520000000000209e+02 7.295960000000000036e+02 7.799120000000000346e+02 7.601180000000000518e+02 8.232350000000000136e+02 7.460990000000000464e+02 8.101920000000000073e+02 7.872409999999999854e+02
1.999000000000000110e+00 4.973799999999999955e+01 9.582500000000000284e+01 1.765670000000000073e+02 2.384530000000000030e+02 2.653179999999999836e+02 3.258929999999999723e+02 3.911399999999999864e+02 4.592660000000000196e+02 5.188089999999999691e+02 5.189049999999999727e+02 5.753279999999999745e+02 6.005449999999999591e+02 6.143869999999999436e+02 6.233089999999999691e+02 6.632160000000000082e+02 6.935620000000000118e+02 7.428519999999999754e+02 7.724470000000000027e+02 7.815510000000000446e+02 8.084070000000000391e+02 7.450819999999999936e+02 8.136009999999999991e+02 7.339220000000000255e+02
1.999000000000000110e+00 4.974000000000000199e+01 9.531600000000000250e+01 1.765310000000000059e+02 2.302050000000000125e+02 2.791519999999999868e+02 3.416870000000000118e+02 3.922330000000000041e+02 4.385059999999999718e+02 4.951139999999999759e+02 5.316299999999999955e+02 5.611050000000000182e+02 5.864900000000000091e+02 6.161209999999999809e+02 6.031159999999999854e+02 6.576979999999999791e+02 7.082799999999999727e+02 7.563160000000000309e+02 7.830979999999999563e+02 7.644089999999999918e+02 7.221470000000000482e+02 8.003590000000000373e+02 8.365929999999999609e+02 8.047459999999999809e+02
1.999000000000000110e+00 4.951899999999999835e+01 9.588200000000000500e+01 1.770279999999999916e+02 2.373950000000000102e+02 2.738929999999999723e+02 3.243860000000000241e+02 3.891999999999999886e+02 4.492599999999999909e+02 5.033709999999999809e+02 5.521319999999999482e+02 5.471630000000000109e+02 5.911330000000000382e+02 6.219099999999999682e+02 6.306509999999999536e+02 6.709859999999999900e+02 6.798690000000000282e+02 7.322469999999999573e+02 7.333949999999999818e+02 7.686820000000000164e+02 8.266140000000000327e+02 8.127309999999999945e+02 7.161879999999999882e+02 7.592119999999999891e+02
1.999000000000000110e+00 4.969899999999999807e+01 9.519799999999999329e+01 1.770550000000000068e+02 2.353340000000000032e+02 2.761879999999999882e+02 3.269039999999999964e+02 4.017470000000000141e+02 4.583600000000000136e+02 4.709350000000000023e+02 5.117699999999999818e+02 5.728099999999999454e+02 5.815320000000000391e+02 6.028450000000000273e+02 6.456699999999999591e+02 6.761280000000000427e+02 7.074320000000000164e+02 7.423809999999999718e+02 7.637569999999999482e+02 7.451280000000000427e+02 7.487329999999999472e+02 7.808609999999999900e+02 7.594859999999999900e+02 7.713120000000000118e+02
1.999000000000000110e+00 4.973799999999999955e+01 9.568500000000000227e+01 1.773329999999999984e+02 2.431740000000000066e+02 2.754730000000000132e+02 3.329859999999999900e+02 4.085280000000000200e+02 4.453690000000000282e+02 5.038159999999999741e+02 5.351209999999999809e+02 6.027619999999999436e+02 5.971209999999999809e+02 6.032309999999999945e+02 6.551950000000000500e+02 6.863490000000000464e+02 7.031910000000000309e+02 7.293039999999999736e+02 7.777809999999999491e+02 7.433269999999999982e+02 8.140069999999999482e+02 8.021689999999999827e+02 7.286979999999999791e+02 8.203740000000000236e+02
