1.999000000000000110e+00 4.975800000000000267e+01 9.575499999999999545e+01 1.791570000000000107e+02 2.545190000000000055e+02 3.159920000000000186e+02 3.609289999999999736e+02 3.936789999999999736e+02 4.233090000000000259e+02 3.967119999999999891e+02 3.520939999999999941e+02 2.963999999999999773e+02 2.889099999999999824e+01 3.523799999999999955e+01 3.876500000000000057e+01 2.860600000000000165e+01 1.285899999999999999e+01 1.413899999999999935e+01 4.004999999999999893e+00 4.533999999999999808e+00 3.412999999999999812e+00 3.008999999999999897e+00 3.370999999999999996e+00 2.984999999999999876e+00
1.999000000000000110e+00 4.962899999999999778e+01 9.572700000000000387e+01 1.799830000000000041e+02 2.514809999999999945e+02 3.162520000000000095e+02 3.644230000000000018e+02 3.952730000000000246e+02 4.067379999999999995e+02 3.974370000000000118e+02 3.695059999999999718e+02 2.946700000000000159e+02 3.121199999999999974e+01 4.003000000000000114e+01 3.221800000000000352e+01 2.043100000000000094e+01 1.684100000000000108e+01 6.099000000000000199e+00 5.440999999999999837e+00 4.048000000000000043e+00 3.714999999999999858e+00 3.282000000000000028e+00 2.862000000000000099e+00 2.718999999999999861e+00
1.999000000000000110e+00 4.972999999999999687e+01 9.595799999999999841e+01 1.810670000000000073e+02 2.531370000000000005e+02 3.209979999999999905e+02 3.653940000000000055e+02 3.931229999999999905e+02 4.172590000000000146e+02 3.834789999999999850e+02 3.611290000000000191e+02 2.906109999999999900e+02 2.901399999999999935e+01 3.484000000000000341e+01 3.452700000000000102e+01 4.845400000000000063e+01 2.415200000000000102e+01 5.158000000000000362e+00 5.141000000000000014e+00 4.772000000000000242e+00 3.789000000000000146e+00 2.928999999999999826e+00 3.387999999999999901e+00 3.020999999999999908e+00
1.999000000000000110e+00 4.978099999999999881e+01 9.554200000000000159e+01 1.810860000000000127e+02 2.552620000000000005e+02 3.123460000000000036e+02 3.667049999999999841e+02 4.025000000000000000e+02 4.036909999999999741e+02 4.077309999999999945e+02 3.604169999999999732e+02 3.212500000000000000e+02 3.203900000000000148e+01 2.800199999999999889e+01 5.118599999999999994e+01 4.725699999999999790e+01 1.598399999999999999e+01 4.972999999999999865e+00 5.133000000000000007e+00 3.770999999999999908e+00 3.255999999999999783e+00 3.399999999999999911e+00 2.971999999999999975e+00 3.039000000000000146e+00
1.999000000000000110e+00 4.969500000000000028e+01 9.568500000000000227e+01 1.796870000000000118e+02 2.534499999999999886e+02 3.133360000000000127e+02 3.634329999999999927e+02 3.917559999999999718e+02 4.089180000000000064e+02 3.981120000000000232e+02 3.508489999999999895e+02 3.034759999999999991e+02 2.790200000000000102e+01 3.355299999999999727e+01 3.310300000000000153e+01 4.633599999999999852e+01 9.708000000000000185e+00 6.091999999999999638e+00 4.070999999999999730e+00 3.447999999999999954e+00 4.014999999999999680e+00 3.120999999999999996e+00 3.020000000000000018e+00 2.778999999999999915e+00
1.999000000000000110e+00 4.966799999999999926e+01 9.559900000000000375e+01 1.808629999999999995e+02 2.516709999999999923e+02 3.127029999999999745e+02 3.619839999999999804e+02 3.935160000000000196e+02 4.028639999999999759e+02 3.970529999999999973e+02 3.539019999999999868e+02 3.040219999999999914e+02 3.063299999999999912e+01 3.144099999999999895e+01 3.871399999999999864e+01 2.887500000000000000e+01 4.827400000000000091e+01 4.756000000000000227e+00 4.905000000000000249e+00 4.022000000000000242e+00 3.638999999999999790e+00 2.847999999999999865e+00 2.970000000000000195e+00 2.419000000000000039e+00
1.999000000000000110e+00 4.984199999999999875e+01 9.614300000000000068e+01 1.801020000000000039e+02 2.529859999999999900e+02 3.124159999999999968e+02 3.626929999999999836e+02 3.884420000000000073e+02 4.120969999999999800e+02 4.031920000000000073e+02 3.530319999999999823e+02 2.893609999999999900e+02 3.244700000000000273e+01 3.685699999999999932e+01 3.120499999999999829e+01 4.634700000000000131e+01 1.188899999999999935e+01 7.551999999999999602e+00 4.334999999999999964e+00 4.386999999999999567e+00 3.605999999999999872e+00 2.701000000000000068e+00 3.045999999999999819e+00 2.515000000000000124e+00
1.999000000000000110e+00 4.973400000000000176e+01 9.565900000000000603e+01 1.795550000000000068e+02 2.534790000000000134e+02 3.151340000000000146e+02 3.648469999999999800e+02 3.935849999999999795e+02 4.047210000000000036e+02 3.994660000000000082e+02 3.648310000000000173e+02 3.037269999999999754e+02 4.038700000000000045e+01 2.980900000000000105e+01 3.696900000000000119e+01 4.094700000000000273e+01 1.213100000000000023e+01 5.004999999999999893e+00 4.706999999999999851e+00 4.689000000000000057e+00 3.366999999999999993e+00 4.141000000000000014e+00 2.919999999999999929e+00 2.847999999999999865e+00
1.999000000000000110e+00 4.978000000000000114e+01 9.606900000000000261e+01 1.797719999999999914e+02 2.546690000000000111e+02 3.192679999999999723e+02 3.627490000000000236e+02 3.937019999999999982e+02 4.031750000000000114e+02 4.148980000000000246e+02 3.518020000000000209e+02 3.181109999999999900e+02 3.092000000000000171e+01 3.398599999999999710e+01 3.500800000000000267e+01 4.983299999999999841e+01 1.204899999999999949e+01 7.475999999999999979e+00 4.169999999999999929e+00 4.025000000000000355e+00 3.349000000000000199e+00 3.055000000000000160e+00 2.626999999999999780e+00 2.712000000000000188e+00
1.999000000000000110e+00 4.960799999999999699e+01 9.544100000000000250e+01 1.807280000000000086e+02 2.530459999999999923e+02 3.139060000000000059e+02 3.627029999999999745e+02 3.916970000000000027e+02 4.144619999999999891e+02 3.936270000000000095e+02 3.603659999999999854e+02 3.010840000000000032e+02 2.752199999999999847e+01 3.402600000000000335e+01 3.798100000000000165e+01 5.572399999999999665e+01 9.820000000000000284e+00 8.150000000000000355e+00 3.322999999999999954e+00 3.376999999999999780e+00 2.891999999999999904e+00 3.355999999999999872e+00 3.232000000000000206e+00 2.736000000000000210e+00
1.999000000000000110e+00 4.990500000000000114e+01 9.549800000000000466e+01 1.798810000000000002e+02 2.554480000000000075e+02 3.133879999999999768e+02 3.615980000000000132e+02 3.937049999999999841e+02 4.058799999999999955e+02 3.907939999999999827e+02 3.530659999999999741e+02 2.791009999999999991e+02 2.932999999999999829e+01 3.035000000000000142e+01 3.107700000000000173e+01 4.141700000000000159e+01 1.913599999999999923e+01 6.972999999999999865e+00 6.586999999999999744e+00 3.971999999999999975e+00 3.346999999999999975e+00 3.474000000000000199e+00 2.794000000000000039e+00 2.999000000000000110e+00
1.999000000000000110e+00 4.978999999999999915e+01 9.642799999999999727e+01 1.794099999999999966e+02 2.555929999999999893e+02 3.116879999999999882e+02 3.590960000000000036e+02 3.940659999999999741e+02 3.991600000000000250e+02 3.984130000000000109e+02 3.694970000000000141e+02 3.128600000000000136e+02 2.963100000000000023e+01 3.376299999999999812e+01 3.440299999999999869e+01 4.560199999999999676e+01 4.834599999999999653e+01 6.634999999999999787e+00 5.657000000000000028e+00 3.786999999999999922e+00 3.938000000000000167e+00 3.636000000000000121e+00 2.757000000000000117e+00 2.422000000000000153e+00
1.999000000000000110e+00 4.961299999999999955e+01 9.640600000000000591e+01 1.806090000000000089e+02 2.536550000000000011e+02 3.114100000000000250e+02 3.637819999999999823e+02 4.026739999999999782e+02 4.111630000000000109e+02 4.030350000000000250e+02 3.459180000000000064e+02 3.135480000000000018e+02 3.544700000000000273e+01 2.842200000000000060e+01 3.480199999999999960e+01 3.806799999999999784e+01 7.631000000000000227e+00 1.895299999999999940e+01 6.325999999999999623e+00 3.277000000000000135e+00 4.022999999999999687e+00 3.714999999999999858e+00 3.729999999999999982e+00 2.500999999999999890e+00
1.999000000000000110e+00 4.968699999999999761e+01 9.602599999999999625e+01 1.792290000000000134e+02 2.526169999999999902e+02 3.143009999999999877e+02 3.608779999999999859e+02 3.985690000000000168e+02 4.092269999999999754e+02 4.011940000000000168e+02 3.681840000000000259e+02 3.160029999999999859e+02 3.656300000000000239e+01 3.603199999999999648e+01 3.504099999999999682e+01 4.934300000000000352e+01 8.804000000000000270e+00 7.091000000000000192e+00 4.681000000000000050e+00 5.325999999999999623e+00 4.107000000000000206e+00 3.242999999999999883e+00 3.337000000000000188e+00 2.644000000000000128e+00
1.999000000000000110e+00 5.000600000000000023e+01 9.577200000000000557e+01 1.792779999999999916e+02 2.535759999999999934e+02 3.089979999999999905e+02 3.551139999999999759e+02 4.004130000000000109e+02 4.123340000000000032e+02 4.044270000000000209e+02 3.594470000000000027e+02 3.097189999999999941e+02 2.912699999999999889e+01 3.482000000000000028e+01 3.385300000000000153e+01 4.849099999999999966e+01 2.679700000000000060e+01 6.113000000000000433e+00 4.459999999999999964e+00 3.653999999999999915e+00 3.748000000000000220e+00 3.615000000000000213e+00 3.460999999999999854e+00 2.827999999999999847e+00
1.999000000000000110e+00 4.946699999999999875e+01 9.576600000000000534e+01 1.789730000000000132e+02 2.533679999999999950e+02 3.141240000000000236e+02 3.654080000000000155e+02 3.904839999999999804e+02 4.036429999999999723e+02 4.017590000000000146e+02 3.539209999999999923e+02 2.978190000000000168e+02 2.658899999999999864e+01 2.966799999999999926e+01 3.403600000000000136e+01 3.301700000000000301e+01 2.061700000000000088e+01 2.115899999999999892e+01 4.496999999999999886e+00 3.927000000000000046e+00 2.951999999999999957e+00 2.746999999999999886e+00 3.020000000000000018e+00 2.802000000000000046e+00
1.999000000000000110e+00 4.985399999999999920e+01 9.604699999999999704e+01 1.805600000000000023e+02 2.516690000000000111e+02 3.104379999999999882e+02 3.633629999999999995e+02 3.972640000000000100e+02 4.079019999999999868e+02 3.977309999999999945e+02 3.506220000000000141e+02 3.117579999999999814e+02 3.477199999999999847e+01 3.365299999999999869e+01 3.543500000000000227e+01 4.346300000000000097e+01 4.805700000000000216e+01 5.951999999999999957e+00 4.750000000000000000e+00 4.067000000000000171e+00 3.523000000000000131e+00 2.952999999999999847e+00 2.809000000000000163e+00 2.555000000000000160e+00
1.999000000000000110e+00 4.971000000000000085e+01 9.615600000000000591e+01 1.807139999999999986e+02 2.530389999999999873e+02 3.153039999999999736e+02 3.621840000000000259e+02 3.972379999999999995e+02 4.063790000000000191e+02 3.971270000000000095e+02 3.669259999999999877e+02 3.183519999999999754e+02 3.455799999999999983e+01 3.584700000000000131e+01 3.516199999999999903e+01 5.177700000000000102e+01 5.318999999999999773e+01 1.351999999999999957e+01 4.894999999999999574e+00 3.492999999999999883e+00 4.195999999999999730e+00 3.317000000000000171e+00 3.000999999999999890e+00 2.757000000000000117e+00
1.999000000000000110e+00 4.972099999999999653e+01 9.575199999999999534e+01 1.813739999999999952e+02 2.530790000000000077e+02 3.145559999999999832e+02 3.602210000000000036e+02 3.917309999999999945e+02 4.115819999999999936e+02 4.036569999999999823e+02 3.479279999999999973e+02 3.051510000000000105e+02 3.028600000000000136e+01 2.519600000000000151e+01 2.786899999999999977e+01 4.629999999999999716e+01 1.588299999999999912e+01 1.624599999999999866e+01 5.360999999999999766e+00 3.999000000000000110e+00 3.178999999999999826e+00 2.637999999999999901e+00 3.100999999999999979e+00 2.545999999999999819e+00
1.999000000000000110e+00 4.974699999999999989e+01 9.617400000000000659e+01 1.797210000000000036e+02 2.501289999999999907e+02 3.112730000000000246e+02 3.691569999999999823e+02 3.967010000000000218e+02 4.216250000000000000e+02 3.978820000000000050e+02 3.652699999999999818e+02 3.002740000000000009e+02 2.446199999999999974e+01 2.703500000000000014e+01 3.623899999999999721e+01 4.307500000000000284e+01 1.461700000000000088e+01 5.443999999999999950e+00 5.347999999999999865e+00 4.384999999999999787e+00 3.795999999999999819e+00 3.362999999999999989e+00 2.778000000000000025e+00 3.124000000000000110e+00
1.999000000000000110e+00 4.975900000000000034e+01 9.581699999999999307e+01 1.807640000000000100e+02 2.502350000000000136e+02 3.164859999999999900e+02 3.520110000000000241e+02 3.920009999999999764e+02 4.073969999999999914e+02 3.948740000000000236e+02 3.620070000000000050e+02 2.943260000000000218e+02 3.496900000000000119e+01 3.652700000000000102e+01 3.516199999999999903e+01 4.612100000000000222e+01 1.837699999999999889e+01 5.775000000000000355e+00 4.048000000000000043e+00 4.288999999999999702e+00 3.779999999999999805e+00 3.004000000000000004e+00 2.940999999999999837e+00 2.706999999999999851e+00
1.999000000000000110e+00 4.985399999999999920e+01 9.554800000000000182e+01 1.792100000000000080e+02 2.526020000000000039e+02 3.120400000000000205e+02 3.590670000000000073e+02 3.911610000000000014e+02 4.131270000000000095e+02 3.923290000000000077e+02 3.674970000000000141e+02 3.211539999999999964e+02 3.028500000000000014e+01 2.676699999999999946e+01 3.105399999999999849e+01 3.810799999999999699e+01 1.499300000000000033e+01 5.392000000000000348e+00 4.392999999999999794e+00 4.464000000000000412e+00 3.205000000000000071e+00 3.012000000000000011e+00 2.653999999999999915e+00 3.068999999999999950e+00
1.999000000000000110e+00 4.973499999999999943e+01 9.556499999999999773e+01 1.810529999999999973e+02 2.532079999999999984e+02 3.155749999999999886e+02 3.611759999999999877e+02 3.946909999999999741e+02 4.092010000000000218e+02 4.082620000000000005e+02 3.728559999999999945e+02 3.309759999999999991e+02 3.950500000000000256e+01 4.511399999999999721e+01 4.414500000000000313e+01 3.569500000000000028e+01 1.796399999999999864e+01 4.261999999999999567e+00 4.176000000000000156e+00 4.304000000000000270e+00 3.798000000000000043e+00 3.733999999999999986e+00 2.906000000000000139e+00 2.443999999999999950e+00
1.999000000000000110e+00 4.968099999999999739e+01 9.604699999999999704e+01 1.805680000000000121e+02 2.535469999999999970e+02 3.158389999999999986e+02 3.660190000000000055e+02 3.941829999999999927e+02 4.110230000000000246e+02 3.967500000000000000e+02 3.415910000000000082e+02 3.131000000000000227e+02 3.038500000000000156e+01 3.447200000000000131e+01 4.254800000000000182e+01 4.905400000000000205e+01 3.274499999999999744e+01 6.841000000000000192e+00 5.445000000000000284e+00 3.535000000000000142e+00 3.730999999999999872e+00 4.024000000000000021e+00 3.217000000000000082e+00 2.495000000000000107e+00
1.999000000000000110e+00 4.975999999999999801e+01 9.561199999999999477e+01 1.817419999999999902e+02 2.500579999999999927e+02 3.145450000000000159e+02 3.604669999999999845e+02 3.983360000000000127e+02 4.053919999999999959e+02 4.006030000000000086e+02 3.523639999999999759e+02 3.237339999999999804e+02 3.187699999999999889e+01 4.010000000000000142e+01 4.192399999999999949e+01 4.505700000000000216e+01 5.958299999999999841e+01 4.910999999999999588e+00 7.347999999999999865e+00 3.942000000000000171e+00 3.479000000000000092e+00 2.904999999999999805e+00 3.077999999999999847e+00 3.496999999999999886e+00
