1.999000000000000110e+00 4.963600000000000279e+01 9.584999999999999432e+01 1.795080000000000098e+02 2.514050000000000011e+02 3.115489999999999782e+02 3.596850000000000023e+02 3.941039999999999850e+02 4.138550000000000182e+02 3.906589999999999918e+02 3.753820000000000050e+02 3.182529999999999859e+02 7.516100000000000136e+01 4.543000000000000149e+00 3.729000000000000092e+00 2.515000000000000124e+00 2.161000000000000032e+00 1.909999999999999920e+00 1.788999999999999924e+00 1.616999999999999993e+00 1.631999999999999895e+00 1.540000000000000036e+00 1.556000000000000050e+00 1.451000000000000068e+00
1.999000000000000110e+00 4.984199999999999875e+01 9.555200000000000671e+01 1.802640000000000100e+02 2.549879999999999995e+02 3.123330000000000268e+02 3.611800000000000068e+02 3.965350000000000250e+02 4.197470000000000141e+02 4.094460000000000264e+02 3.650129999999999768e+02 3.150579999999999927e+02 7.728499999999999659e+01 4.318999999999999950e+00 3.311999999999999833e+00 2.438000000000000167e+00 2.013999999999999790e+00 2.000000000000000000e+00 1.768999999999999906e+00 1.663999999999999924e+00 1.564999999999999947e+00 1.586999999999999966e+00 1.540000000000000036e+00 1.471000000000000085e+00
1.999000000000000110e+00 4.971999999999999886e+01 9.588100000000000023e+01 1.812800000000000011e+02 2.531560000000000059e+02 3.119540000000000077e+02 3.558290000000000077e+02 3.960090000000000146e+02 4.112259999999999991e+02 3.990240000000000009e+02 3.516159999999999854e+02 3.077429999999999950e+02 7.340900000000000603e+01 5.181000000000000050e+00 3.572000000000000064e+00 2.649999999999999911e+00 2.088999999999999968e+00 1.931999999999999940e+00 1.862000000000000099e+00 1.683999999999999941e+00 1.653999999999999915e+00 1.497999999999999998e+00 1.528999999999999915e+00 1.421000000000000041e+00
1.999000000000000110e+00 4.991400000000000148e+01 9.544700000000000273e+01 1.800039999999999907e+02 2.520889999999999986e+02 3.154599999999999795e+02 3.579189999999999827e+02 3.993430000000000177e+02 4.010070000000000050e+02 4.108980000000000246e+02 3.611779999999999973e+02 2.944850000000000136e+02 7.445499999999999829e+01 5.738999999999999879e+00 2.995999999999999996e+00 2.533999999999999808e+00 2.209000000000000075e+00 1.953000000000000069e+00 1.794999999999999929e+00 1.721999999999999975e+00 1.653000000000000025e+00 1.572999999999999954e+00 1.479000000000000092e+00 1.437999999999999945e+00
1.999000000000000110e+00 4.969700000000000273e+01 9.587099999999999511e+01 1.795209999999999866e+02 2.524279999999999973e+02 3.142389999999999759e+02 3.617409999999999854e+02 3.945729999999999791e+02 4.022570000000000050e+02 4.110570000000000164e+02 3.538509999999999991e+02 3.160110000000000241e+02 7.722799999999999443e+01 5.399000000000000021e+00 3.189999999999999947e+00 2.467000000000000082e+00 2.055000000000000160e+00 2.039000000000000146e+00 1.784999999999999920e+00 1.707999999999999963e+00 1.582000000000000073e+00 1.540000000000000036e+00 1.530999999999999917e+00 1.489999999999999991e+00
1.999000000000000110e+00 4.975300000000000011e+01 9.628900000000000148e+01 1.802570000000000050e+02 2.523940000000000055e+02 3.173990000000000009e+02 3.667250000000000227e+02 3.946349999999999909e+02 4.187919999999999732e+02 4.038860000000000241e+02 3.661460000000000150e+02 3.191899999999999977e+02 7.914100000000000534e+01 5.097000000000000419e+00 3.549999999999999822e+00 2.644000000000000128e+00 2.097999999999999865e+00 1.792000000000000037e+00 1.790999999999999925e+00 1.699000000000000066e+00 1.574000000000000066e+00 1.542999999999999927e+00 1.485999999999999988e+00 1.429999999999999938e+00
1.999000000000000110e+00 4.990999999999999659e+01 9.578700000000000614e+01 1.800829999999999984e+02 2.552050000000000125e+02 3.122529999999999859e+02 3.611100000000000136e+02 4.015550000000000068e+02 4.078910000000000196e+02 3.966750000000000114e+02 3.657710000000000150e+02 3.205880000000000223e+02 8.077800000000000580e+01 5.317999999999999616e+00 3.432999999999999829e+00 2.383000000000000007e+00 2.309000000000000163e+00 1.881999999999999895e+00 1.721000000000000085e+00 1.671999999999999931e+00 1.574999999999999956e+00 1.552999999999999936e+00 1.528000000000000025e+00 1.491000000000000103e+00
1.999000000000000110e+00 4.977100000000000080e+01 9.586899999999999977e+01 1.799180000000000064e+02 2.549900000000000091e+02 3.135360000000000014e+02 3.658600000000000136e+02 3.964060000000000059e+02 4.154399999999999977e+02 4.165939999999999941e+02 3.545969999999999800e+02 3.023960000000000150e+02 7.485500000000000398e+01 5.955000000000000071e+00 3.553999999999999826e+00 2.444999999999999840e+00 2.145999999999999908e+00 1.810999999999999943e+00 1.834999999999999964e+00 1.673999999999999932e+00 1.548999999999999932e+00 1.514000000000000012e+00 1.506999999999999895e+00 1.459999999999999964e+00
1.999000000000000110e+00 4.978999999999999915e+01 9.541100000000000136e+01 1.799670000000000130e+02 2.491779999999999973e+02 3.153190000000000168e+02 3.616979999999999791e+02 3.847289999999999850e+02 4.118050000000000068e+02 4.016039999999999850e+02 3.597710000000000150e+02 3.233670000000000186e+02 7.597499999999999432e+01 5.173000000000000043e+00 3.528999999999999915e+00 2.450000000000000178e+00 2.108999999999999986e+00 1.951000000000000068e+00 1.701000000000000068e+00 1.743999999999999995e+00 1.524000000000000021e+00 1.546000000000000041e+00 1.497999999999999998e+00 1.429000000000000048e+00
1.999000000000000110e+00 4.975699999999999790e+01 9.566400000000000148e+01 1.800759999999999934e+02 2.526330000000000098e+02 3.162210000000000036e+02 3.667339999999999804e+02 3.943419999999999845e+02 4.167799999999999727e+02 4.171730000000000018e+02 3.665910000000000082e+02 3.247119999999999891e+02 7.054800000000000182e+01 4.325999999999999623e+00 3.403999999999999915e+00 2.512000000000000011e+00 2.254000000000000004e+00 1.919999999999999929e+00 1.881999999999999895e+00 1.661999999999999922e+00 1.504000000000000004e+00 1.572999999999999954e+00 1.441999999999999948e+00 1.431000000000000050e+00
1.999000000000000110e+00 4.958400000000000318e+01 9.598099999999999454e+01 1.795480000000000018e+02 2.519629999999999939e+02 3.132219999999999800e+02 3.575779999999999745e+02 3.960430000000000064e+02 4.055500000000000114e+02 4.034399999999999977e+02 3.703589999999999804e+02 3.097610000000000241e+02 8.141299999999999670e+01 5.794999999999999929e+00 3.045999999999999819e+00 2.604000000000000092e+00 2.213999999999999968e+00 1.933000000000000052e+00 1.687999999999999945e+00 1.733999999999999986e+00 1.592000000000000082e+00 1.542000000000000037e+00 1.534000000000000030e+00 1.485000000000000098e+00
1.999000000000000110e+00 4.971699999999999875e+01 9.598799999999999955e+01 1.805980000000000132e+02 2.527160000000000082e+02 3.095240000000000009e+02 3.663570000000000277e+02 3.911000000000000227e+02 4.075620000000000118e+02 4.090350000000000250e+02 3.611720000000000255e+02 3.083319999999999936e+02 6.900400000000000489e+01 5.000000000000000000e+00 3.516000000000000014e+00 2.319999999999999840e+00 2.162999999999999812e+00 1.885999999999999899e+00 1.780000000000000027e+00 1.631999999999999895e+00 1.600000000000000089e+00 1.568999999999999950e+00 1.467999999999999972e+00 1.455999999999999961e+00
1.999000000000000110e+00 4.966799999999999926e+01 9.586499999999999488e+01 1.809540000000000077e+02 2.514410000000000025e+02 3.141770000000000209e+02 3.588890000000000100e+02 3.948809999999999718e+02 4.108299999999999841e+02 4.028620000000000232e+02 3.661879999999999882e+02 3.234820000000000277e+02 8.201600000000000534e+01 5.350999999999999979e+00 3.358000000000000096e+00 2.480999999999999872e+00 2.061999999999999833e+00 1.808999999999999941e+00 1.772999999999999909e+00 1.681999999999999940e+00 1.580999999999999961e+00 1.542000000000000037e+00 1.455999999999999961e+00 1.423000000000000043e+00
1.999000000000000110e+00 4.972899999999999920e+01 9.590200000000000102e+01 1.808420000000000130e+02 2.521119999999999948e+02 3.142889999999999873e+02 3.642450000000000045e+02 3.990939999999999941e+02 4.132839999999999918e+02 4.185210000000000150e+02 3.698740000000000236e+02 3.298469999999999800e+02 8.191800000000000637e+01 5.812000000000000277e+00 3.270999999999999908e+00 2.436999999999999833e+00 2.161999999999999922e+00 1.987999999999999989e+00 1.754999999999999893e+00 1.711999999999999966e+00 1.576000000000000068e+00 1.578999999999999959e+00 1.459000000000000075e+00 1.443000000000000060e+00
1.999000000000000110e+00 4.977499999999999858e+01 9.540399999999999636e+01 1.812110000000000127e+02 2.541049999999999898e+02 3.170520000000000209e+02 3.644409999999999741e+02 3.919619999999999891e+02 4.138910000000000196e+02 3.932710000000000150e+02 3.603700000000000045e+02 3.124189999999999827e+02 6.329999999999999716e+01 4.653999999999999915e+00 3.399999999999999911e+00 2.379000000000000004e+00 2.123000000000000220e+00 1.925999999999999934e+00 1.852999999999999980e+00 1.727999999999999980e+00 1.719000000000000083e+00 1.530999999999999917e+00 1.479999999999999982e+00 1.421999999999999931e+00
1.999000000000000110e+00 4.978499999999999659e+01 9.540999999999999659e+01 1.813880000000000052e+02 2.498720000000000141e+02 3.150980000000000132e+02 3.598679999999999950e+02 3.902830000000000155e+02 4.107490000000000236e+02 4.184499999999999886e+02 3.564950000000000045e+02 3.049200000000000159e+02 6.685699999999999932e+01 4.758000000000000007e+00 3.306999999999999940e+00 2.507000000000000117e+00 2.134999999999999787e+00 1.965000000000000080e+00 1.699999999999999956e+00 1.715000000000000080e+00 1.633999999999999897e+00 1.566999999999999948e+00 1.469000000000000083e+00 1.455999999999999961e+00
1.999000000000000110e+00 4.971000000000000085e+01 9.659499999999999886e+01 1.803389999999999986e+02 2.543110000000000070e+02 3.124049999999999727e+02 3.644340000000000259e+02 3.945679999999999836e+02 4.027869999999999777e+02 4.064560000000000173e+02 3.700160000000000196e+02 3.035550000000000068e+02 8.550199999999999534e+01 5.910999999999999588e+00 3.265000000000000124e+00 2.414000000000000146e+00 2.120999999999999996e+00 1.864999999999999991e+00 1.812999999999999945e+00 1.677999999999999936e+00 1.576999999999999957e+00 1.564000000000000057e+00 1.483000000000000096e+00 1.423000000000000043e+00
1.999000000000000110e+00 4.969100000000000250e+01 9.565800000000000125e+01 1.806250000000000000e+02 2.544670000000000130e+02 3.156440000000000055e+02 3.613550000000000182e+02 3.912719999999999914e+02 4.171510000000000105e+02 4.039850000000000136e+02 3.515950000000000273e+02 3.151949999999999932e+02 7.396500000000000341e+01 6.349000000000000199e+00 2.799999999999999822e+00 2.475000000000000089e+00 2.104999999999999982e+00 1.897999999999999909e+00 1.816999999999999948e+00 1.627999999999999892e+00 1.528000000000000025e+00 1.502999999999999892e+00 1.475000000000000089e+00 1.457000000000000073e+00
1.999000000000000110e+00 4.967199999999999704e+01 9.615300000000000580e+01 1.803089999999999975e+02 2.540080000000000098e+02 3.129259999999999877e+02 3.665679999999999836e+02 3.938330000000000268e+02 4.112610000000000241e+02 4.003639999999999759e+02 3.590609999999999786e+02 3.082760000000000105e+02 6.837600000000000477e+01 4.344999999999999751e+00 3.630999999999999783e+00 2.564000000000000057e+00 2.172000000000000153e+00 1.935999999999999943e+00 1.812999999999999945e+00 1.655999999999999917e+00 1.655999999999999917e+00 1.564999999999999947e+00 1.469999999999999973e+00 1.429999999999999938e+00
1.999000000000000110e+00 4.978099999999999881e+01 9.608599999999999852e+01 1.796169999999999902e+02 2.527400000000000091e+02 3.150240000000000009e+02 3.668410000000000082e+02 4.004900000000000091e+02 4.100600000000000023e+02 4.040950000000000273e+02 3.641490000000000009e+02 3.411999999999999886e+02 7.062399999999999523e+01 5.241999999999999993e+00 2.978000000000000203e+00 2.383999999999999897e+00 2.080000000000000071e+00 1.909999999999999920e+00 1.762000000000000011e+00 1.709000000000000075e+00 1.629999999999999893e+00 1.552999999999999936e+00 1.489000000000000101e+00 1.423999999999999932e+00
1.999000000000000110e+00 4.974399999999999977e+01 9.604900000000000659e+01 1.793400000000000034e+02 2.524730000000000132e+02 3.159320000000000164e+02 3.582950000000000159e+02 3.981630000000000109e+02 4.070439999999999827e+02 4.066820000000000164e+02 3.675360000000000014e+02 3.007780000000000200e+02 7.524299999999999500e+01 5.258000000000000007e+00 3.384999999999999787e+00 2.648000000000000131e+00 2.011000000000000121e+00 1.955999999999999961e+00 1.786999999999999922e+00 1.647999999999999909e+00 1.663000000000000034e+00 1.493999999999999995e+00 1.534999999999999920e+00 1.471000000000000085e+00
1.999000000000000110e+00 4.980199999999999960e+01 9.612300000000000466e+01 1.794850000000000136e+02 2.553079999999999927e+02 3.148020000000000209e+02 3.634379999999999882e+02 3.997500000000000000e+02 4.161120000000000232e+02 4.179350000000000023e+02 3.519370000000000118e+02 3.193870000000000005e+02 8.024699999999999989e+01 4.959999999999999964e+00 3.418000000000000149e+00 2.507000000000000117e+00 2.145999999999999908e+00 2.001999999999999780e+00 1.760999999999999899e+00 1.655999999999999917e+00 1.598999999999999977e+00 1.550000000000000044e+00 1.516000000000000014e+00 1.530000000000000027e+00
1.999000000000000110e+00 4.978600000000000136e+01 9.561100000000000421e+01 1.794230000000000018e+02 2.540939999999999941e+02 3.179649999999999750e+02 3.655969999999999800e+02 3.960740000000000123e+02 4.138860000000000241e+02 4.003410000000000082e+02 3.714499999999999886e+02 3.114300000000000068e+02 7.297899999999999920e+01 4.003999999999999559e+00 3.318999999999999950e+00 2.428999999999999826e+00 2.120000000000000107e+00 1.883000000000000007e+00 1.679999999999999938e+00 1.731000000000000094e+00 1.649999999999999911e+00 1.489999999999999991e+00 1.526999999999999913e+00 1.399000000000000021e+00
1.999000000000000110e+00 4.967699999999999960e+01 9.556300000000000239e+01 1.814619999999999891e+02 2.551829999999999927e+02 3.132110000000000127e+02 3.596120000000000232e+02 3.887320000000000277e+02 4.141120000000000232e+02 3.952169999999999845e+02 3.476580000000000155e+02 3.221990000000000123e+02 6.988599999999999568e+01 4.584999999999999964e+00 3.362000000000000099e+00 2.652000000000000135e+00 2.092999999999999972e+00 1.923000000000000043e+00 1.760999999999999899e+00 1.735000000000000098e+00 1.659999999999999920e+00 1.544999999999999929e+00 1.481999999999999984e+00 1.423999999999999932e+00
1.999000000000000110e+00 4.964699999999999847e+01 9.583199999999999363e+01 1.804989999999999952e+02 2.550250000000000057e+02 3.142389999999999759e+02 3.606200000000000045e+02 4.009359999999999786e+02 4.117230000000000132e+02 4.083700000000000045e+02 3.616920000000000073e+02 3.294259999999999877e+02 7.316599999999999682e+01 4.764999999999999680e+00 3.124000000000000110e+00 2.524000000000000021e+00 2.064000000000000057e+00 1.957000000000000073e+00 1.885000000000000009e+00 1.697999999999999954e+00 1.542999999999999927e+00 1.495000000000000107e+00 1.536999999999999922e+00 1.425999999999999934e+00
