1.999000000000000110e+00 4.983700000000000330e+01 9.568300000000000693e+01 1.805949999999999989e+02 2.526109999999999900e+02 3.140369999999999777e+02 3.591929999999999836e+02 3.989279999999999973e+02 4.077490000000000236e+02 4.066809999999999832e+02 3.539169999999999732e+02 3.035779999999999745e+02 2.165899999999999892e+01 1.871399999999999864e+01 2.241100000000000136e+01 2.146799999999999997e+01 3.855199999999999960e+01 4.002300000000000324e+01 5.371800000000000352e+01 6.551000000000000156e+00 7.314000000000000057e+00 5.269000000000000128e+00 4.599000000000000199e+00 4.266000000000000014e+00
1.999000000000000110e+00 4.937800000000000011e+01 9.607699999999999818e+01 1.806380000000000052e+02 2.526930000000000121e+02 3.139069999999999823e+02 3.630539999999999736e+02 3.857520000000000095e+02 4.017440000000000282e+02 3.883399999999999750e+02 3.409560000000000173e+02 3.093450000000000273e+02 1.588899999999999935e+01 1.496499999999999986e+01 2.065599999999999881e+01 2.417200000000000060e+01 3.497999999999999687e+01 3.631199999999999761e+01 8.055999999999999162e+00 6.328000000000000291e+00 5.907000000000000028e+00 5.719000000000000306e+00 4.679000000000000270e+00 4.756999999999999673e+00
1.999000000000000110e+00 4.986800000000000210e+01 9.592900000000000205e+01 1.796009999999999991e+02 2.532019999999999982e+02 3.143229999999999791e+02 3.599780000000000086e+02 3.889449999999999932e+02 4.043100000000000023e+02 4.019590000000000032e+02 3.500249999999999773e+02 3.114979999999999905e+02 1.782999999999999829e+01 1.456900000000000084e+01 1.826800000000000068e+01 3.412599999999999767e+01 2.635999999999999943e+01 3.199200000000000088e+01 5.064300000000000068e+01 2.005999999999999872e+01 6.261000000000000121e+00 6.907000000000000028e+00 4.937000000000000277e+00 4.980999999999999872e+00
1.999000000000000110e+00 4.958700000000000330e+01 9.582599999999999341e+01 1.805169999999999959e+02 2.532059999999999889e+02 3.144900000000000091e+02 3.615380000000000109e+02 4.048000000000000114e+02 4.088770000000000095e+02 4.080790000000000077e+02 3.394809999999999945e+02 2.993570000000000277e+02 2.027400000000000091e+01 1.820599999999999952e+01 2.492399999999999949e+01 1.918400000000000105e+01 2.990299999999999869e+01 3.551800000000000068e+01 4.892600000000000193e+01 4.958299999999999841e+01 6.934000000000000163e+00 5.826999999999999957e+00 4.240000000000000213e+00 6.163999999999999702e+00
1.999000000000000110e+00 4.970499999999999829e+01 9.552200000000000557e+01 1.794190000000000111e+02 2.526109999999999900e+02 3.126290000000000191e+02 3.637780000000000200e+02 3.951329999999999814e+02 4.164839999999999804e+02 3.917019999999999982e+02 3.534680000000000177e+02 3.005679999999999836e+02 1.633500000000000085e+01 1.344699999999999918e+01 1.862800000000000011e+01 2.363599999999999923e+01 2.845599999999999952e+01 2.872299999999999898e+01 1.166600000000000037e+01 7.536999999999999922e+00 6.214999999999999858e+00 6.181000000000000050e+00 4.445000000000000284e+00 5.397999999999999687e+00
1.999000000000000110e+00 4.972299999999999898e+01 9.636700000000000443e+01 1.800120000000000005e+02 2.526109999999999900e+02 3.119649999999999750e+02 3.577200000000000273e+02 3.894100000000000250e+02 4.076259999999999764e+02 3.987250000000000227e+02 3.404839999999999804e+02 3.068009999999999877e+02 1.626200000000000045e+01 2.087900000000000134e+01 1.663599999999999923e+01 2.172400000000000020e+01 2.351800000000000068e+01 1.935900000000000176e+01 6.788000000000000256e+00 4.658999999999999808e+00 6.493000000000000327e+00 5.621000000000000441e+00 4.080000000000000071e+00 4.560999999999999943e+00
1.999000000000000110e+00 4.966299999999999670e+01 9.615999999999999659e+01 1.801690000000000111e+02 2.552860000000000014e+02 3.130210000000000150e+02 3.593600000000000136e+02 3.989820000000000277e+02 4.152309999999999945e+02 3.846050000000000182e+02 3.478020000000000209e+02 3.101499999999999773e+02 2.095599999999999952e+01 1.864399999999999835e+01 1.987699999999999889e+01 2.704400000000000048e+01 3.429099999999999682e+01 4.222999999999999687e+01 4.381000000000000227e+01 1.256499999999999950e+01 5.875000000000000000e+00 5.692000000000000171e+00 4.557999999999999829e+00 4.033999999999999808e+00
1.999000000000000110e+00 4.982500000000000284e+01 9.558700000000000330e+01 1.803209999999999980e+02 2.541049999999999898e+02 3.136129999999999995e+02 3.576789999999999736e+02 3.926560000000000059e+02 4.253550000000000182e+02 4.047860000000000014e+02 3.529769999999999754e+02 3.025059999999999718e+02 2.072200000000000131e+01 1.505300000000000082e+01 1.347000000000000064e+01 2.749299999999999855e+01 3.970700000000000074e+01 9.694000000000000838e+00 8.144999999999999574e+00 1.057600000000000051e+01 8.385999999999999233e+00 5.314000000000000057e+00 4.831999999999999851e+00 4.810999999999999943e+00
1.999000000000000110e+00 4.960999999999999943e+01 9.596599999999999397e+01 1.812429999999999950e+02 2.545620000000000118e+02 3.154970000000000141e+02 3.594150000000000205e+02 3.946979999999999791e+02 4.008679999999999950e+02 3.969130000000000109e+02 3.505880000000000223e+02 2.816770000000000209e+02 2.099299999999999855e+01 1.821099999999999852e+01 1.979899999999999949e+01 2.752799999999999869e+01 3.096099999999999852e+01 3.900200000000000244e+01 4.270499999999999829e+01 2.773900000000000077e+01 5.173000000000000043e+00 6.860999999999999766e+00 6.142999999999999794e+00 7.373000000000000220e+00
1.999000000000000110e+00 4.965800000000000125e+01 9.623799999999999955e+01 1.792549999999999955e+02 2.518750000000000000e+02 3.143890000000000100e+02 3.604279999999999973e+02 3.981630000000000109e+02 3.978659999999999854e+02 3.957280000000000086e+02 3.487909999999999968e+02 3.072620000000000005e+02 1.623600000000000065e+01 1.779500000000000171e+01 2.015700000000000003e+01 2.982799999999999940e+01 1.214700000000000024e+01 1.336500000000000021e+01 7.469999999999999751e+00 7.823000000000000398e+00 7.596000000000000085e+00 5.373999999999999666e+00 5.407000000000000028e+00 5.692999999999999616e+00
1.999000000000000110e+00 4.983599999999999852e+01 9.539600000000000080e+01 1.799830000000000041e+02 2.534099999999999966e+02 3.134320000000000164e+02 3.650489999999999782e+02 3.916539999999999964e+02 4.050699999999999932e+02 4.032749999999999773e+02 3.401399999999999864e+02 3.121870000000000118e+02 1.708099999999999952e+01 2.256299999999999883e+01 1.785500000000000043e+01 3.402400000000000091e+01 3.930199999999999960e+01 3.876100000000000279e+01 1.341399999999999970e+01 7.423000000000000043e+00 5.532000000000000028e+00 5.568999999999999950e+00 4.266000000000000014e+00 4.067000000000000171e+00
1.999000000000000110e+00 4.970799999999999841e+01 9.561400000000000432e+01 1.792740000000000009e+02 2.519869999999999948e+02 3.155749999999999886e+02 3.598829999999999814e+02 3.943349999999999795e+02 4.077930000000000064e+02 3.933360000000000127e+02 3.525969999999999800e+02 3.191080000000000041e+02 2.042500000000000071e+01 1.264199999999999946e+01 2.199800000000000111e+01 2.360300000000000153e+01 3.538100000000000023e+01 8.053000000000000824e+00 1.190799999999999947e+01 9.894999999999999574e+00 4.721000000000000085e+00 6.317999999999999616e+00 4.621999999999999886e+00 3.932999999999999829e+00
1.999000000000000110e+00 4.968599999999999994e+01 9.582599999999999341e+01 1.805000000000000000e+02 2.528180000000000121e+02 3.108100000000000023e+02 3.618170000000000073e+02 3.936569999999999823e+02 4.109139999999999873e+02 3.949340000000000259e+02 3.551089999999999804e+02 3.126669999999999732e+02 1.201200000000000045e+01 1.748999999999999844e+01 1.967500000000000071e+01 2.711299999999999955e+01 3.702600000000000335e+01 4.338000000000000256e+01 2.471900000000000119e+01 5.435999999999999943e+00 8.096000000000000085e+00 5.073000000000000398e+00 4.016000000000000014e+00 4.333000000000000185e+00
1.999000000000000110e+00 4.983200000000000074e+01 9.625400000000000489e+01 1.812050000000000125e+02 2.514950000000000045e+02 3.087769999999999868e+02 3.654130000000000109e+02 3.928550000000000182e+02 4.092180000000000177e+02 4.010459999999999923e+02 3.539529999999999745e+02 2.945509999999999877e+02 1.974599999999999866e+01 2.092599999999999838e+01 2.255600000000000094e+01 2.514499999999999957e+01 2.757400000000000162e+01 4.026400000000000290e+01 9.204000000000000625e+00 5.990999999999999659e+00 5.219999999999999751e+00 6.501000000000000334e+00 5.594999999999999751e+00 4.224000000000000199e+00
1.999000000000000110e+00 4.976400000000000290e+01 9.543300000000000693e+01 1.799279999999999973e+02 2.562939999999999827e+02 3.147989999999999782e+02 3.620869999999999891e+02 3.952989999999999782e+02 4.104599999999999795e+02 3.996619999999999777e+02 3.648790000000000191e+02 3.182919999999999732e+02 2.325499999999999901e+01 1.909799999999999898e+01 1.846199999999999974e+01 2.343700000000000117e+01 3.234599999999999653e+01 4.236699999999999733e+01 2.199500000000000099e+01 6.738999999999999879e+00 5.150000000000000355e+00 6.799999999999999822e+00 6.046000000000000263e+00 4.831999999999999851e+00
1.999000000000000110e+00 4.975399999999999778e+01 9.587600000000000477e+01 1.804190000000000111e+02 2.538700000000000045e+02 3.129289999999999736e+02 3.619169999999999732e+02 3.889490000000000123e+02 4.059250000000000114e+02 3.925769999999999982e+02 3.474089999999999918e+02 3.072860000000000014e+02 2.289199999999999946e+01 2.037099999999999866e+01 2.248499999999999943e+01 2.146399999999999864e+01 3.735399999999999920e+01 4.223799999999999955e+01 1.196000000000000085e+01 7.052999999999999936e+00 6.003999999999999559e+00 6.214999999999999858e+00 6.094999999999999751e+00 4.357999999999999652e+00
1.999000000000000110e+00 4.968299999999999983e+01 9.577700000000000102e+01 1.782160000000000082e+02 2.542680000000000007e+02 3.152710000000000150e+02 3.579200000000000159e+02 3.905980000000000132e+02 4.064950000000000045e+02 4.004370000000000118e+02 3.537880000000000109e+02 2.996009999999999991e+02 1.980199999999999960e+01 1.669800000000000040e+01 1.744500000000000028e+01 2.395899999999999963e+01 2.233800000000000097e+01 8.666999999999999815e+00 8.343999999999999417e+00 7.370000000000000107e+00 1.093500000000000050e+01 5.958000000000000185e+00 4.714999999999999858e+00 4.407000000000000028e+00
1.999000000000000110e+00 4.972699999999999676e+01 9.583299999999999841e+01 1.791639999999999873e+02 2.535469999999999970e+02 3.107549999999999955e+02 3.581270000000000095e+02 3.926179999999999950e+02 4.078750000000000000e+02 3.924429999999999836e+02 3.463580000000000041e+02 2.869879999999999995e+02 2.028200000000000003e+01 1.725600000000000023e+01 1.881099999999999994e+01 2.823300000000000054e+01 3.248299999999999699e+01 3.764099999999999824e+01 7.801999999999999602e+00 6.200999999999999623e+00 7.216000000000000192e+00 5.339999999999999858e+00 7.471000000000000085e+00 3.781000000000000139e+00
1.999000000000000110e+00 4.989000000000000057e+01 9.531000000000000227e+01 1.809099999999999966e+02 2.548609999999999900e+02 3.128399999999999750e+02 3.599060000000000059e+02 3.897219999999999800e+02 4.134689999999999941e+02 3.968489999999999895e+02 3.535470000000000255e+02 3.186909999999999741e+02 1.368099999999999916e+01 2.194600000000000151e+01 2.129500000000000171e+01 2.932100000000000151e+01 4.052499999999999858e+01 4.230400000000000205e+01 6.525000000000000355e+00 4.966599999999999682e+01 7.200000000000000178e+00 5.926000000000000156e+00 7.512999999999999901e+00 4.554000000000000270e+00
1.999000000000000110e+00 4.995900000000000318e+01 9.606999999999999318e+01 1.792849999999999966e+02 2.517429999999999950e+02 3.133340000000000032e+02 3.592010000000000218e+02 3.919259999999999877e+02 4.167710000000000150e+02 3.999119999999999777e+02 3.622749999999999773e+02 2.991990000000000123e+02 2.439399999999999835e+01 1.987999999999999901e+01 1.877899999999999991e+01 2.241799999999999926e+01 4.146300000000000097e+01 4.332999999999999829e+01 4.651400000000000290e+01 6.193999999999999950e+00 6.653999999999999915e+00 7.754999999999999893e+00 5.168999999999999595e+00 4.870000000000000107e+00
1.999000000000000110e+00 4.977700000000000102e+01 9.577400000000000091e+01 1.808460000000000036e+02 2.527789999999999964e+02 3.138849999999999909e+02 3.580179999999999723e+02 3.910219999999999914e+02 4.133020000000000209e+02 3.892450000000000045e+02 3.531150000000000091e+02 3.177850000000000250e+02 2.494200000000000017e+01 1.839399999999999835e+01 2.083999999999999986e+01 2.575600000000000023e+01 2.229899999999999949e+01 8.650999999999999801e+00 2.821399999999999864e+01 4.543999999999999595e+00 5.246999999999999886e+00 5.238999999999999879e+00 5.674000000000000377e+00 3.963000000000000078e+00
1.999000000000000110e+00 4.969700000000000273e+01 9.641100000000000136e+01 1.803739999999999952e+02 2.542669999999999959e+02 3.146820000000000164e+02 3.539080000000000155e+02 3.854100000000000250e+02 4.008460000000000036e+02 4.049119999999999777e+02 3.586820000000000164e+02 2.969060000000000059e+02 1.829700000000000060e+01 1.356499999999999950e+01 1.339100000000000001e+01 3.168900000000000006e+01 2.826300000000000168e+01 4.047200000000000131e+01 3.899600000000000222e+01 5.599000000000000199e+00 7.314000000000000057e+00 5.934999999999999609e+00 4.445000000000000284e+00 4.939000000000000057e+00
1.999000000000000110e+00 4.980499999999999972e+01 9.583100000000000307e+01 1.816239999999999952e+02 2.510749999999999886e+02 3.137019999999999982e+02 3.601170000000000186e+02 3.936549999999999727e+02 4.096569999999999823e+02 3.975670000000000073e+02 3.572149999999999750e+02 3.202019999999999982e+02 1.991100000000000136e+01 1.585500000000000043e+01 1.580300000000000082e+01 2.664199999999999946e+01 3.245000000000000284e+01 3.053500000000000014e+01 2.994900000000000162e+01 6.142999999999999794e+00 5.876999999999999780e+00 5.179000000000000270e+00 6.246999999999999886e+00 4.036999999999999922e+00
1.999000000000000110e+00 4.961500000000000199e+01 9.649099999999999966e+01 1.798400000000000034e+02 2.532520000000000095e+02 3.140710000000000264e+02 3.630409999999999968e+02 3.945269999999999868e+02 4.041259999999999764e+02 4.029239999999999782e+02 3.475930000000000177e+02 3.093229999999999791e+02 1.701599999999999824e+01 2.330099999999999838e+01 1.585500000000000043e+01 2.338200000000000145e+01 2.911499999999999844e+01 4.383400000000000318e+01 3.666799999999999926e+01 4.956999999999999851e+00 6.354000000000000092e+00 4.522000000000000242e+00 6.160000000000000142e+00 4.791999999999999815e+00
1.999000000000000110e+00 4.969100000000000250e+01 9.574899999999999523e+01 1.806630000000000109e+02 2.549950000000000045e+02 3.129519999999999982e+02 3.560550000000000068e+02 3.883960000000000150e+02 4.084139999999999873e+02 3.907830000000000155e+02 3.559060000000000059e+02 3.114850000000000136e+02 2.469600000000000151e+01 2.000799999999999912e+01 1.904200000000000159e+01 2.658299999999999841e+01 2.977400000000000091e+01 3.882900000000000063e+01 4.951700000000000301e+01 6.514000000000000234e+00 8.656000000000000583e+00 4.136000000000000121e+00 5.618999999999999773e+00 4.477000000000000313e+00
