1.999000000000000110e+00 4.969800000000000040e+01 9.531100000000000705e+01 1.813820000000000050e+02 2.531169999999999902e+02 3.091410000000000196e+02 3.583519999999999754e+02 3.979990000000000236e+02 4.145179999999999723e+02 4.058129999999999882e+02 3.656309999999999718e+02 3.162450000000000045e+02 6.578799999999999670e+01 3.704000000000000181e+00 3.205000000000000071e+00 2.317000000000000171e+00 1.949000000000000066e+00 1.737000000000000099e+00 1.758000000000000007e+00 1.608000000000000096e+00 1.530000000000000027e+00 1.506000000000000005e+00 1.477999999999999980e+00 1.417000000000000037e+00
1.999000000000000110e+00 4.956900000000000261e+01 9.584000000000000341e+01 1.799869999999999948e+02 2.553379999999999939e+02 3.160059999999999718e+02 3.602950000000000159e+02 3.888829999999999814e+02 4.107529999999999859e+02 3.915020000000000095e+02 3.493890000000000100e+02 3.264610000000000127e+02 8.100300000000000011e+01 3.947999999999999954e+00 2.806999999999999940e+00 2.306000000000000050e+00 1.997000000000000108e+00 1.854000000000000092e+00 1.657999999999999918e+00 1.618999999999999995e+00 1.552999999999999936e+00 1.475000000000000089e+00 1.475000000000000089e+00 1.449999999999999956e+00
1.999000000000000110e+00 4.972999999999999687e+01 9.539499999999999602e+01 1.808069999999999879e+02 2.533959999999999866e+02 3.129870000000000232e+02 3.608860000000000241e+02 4.024420000000000073e+02 4.102289999999999850e+02 4.050950000000000273e+02 3.519940000000000282e+02 3.070450000000000159e+02 5.962299999999999756e+01 4.179999999999999716e+00 2.758999999999999897e+00 2.194999999999999840e+00 2.019000000000000128e+00 1.776000000000000023e+00 1.719999999999999973e+00 1.594999999999999973e+00 1.542000000000000037e+00 1.526999999999999913e+00 1.465999999999999970e+00 1.375000000000000000e+00
1.999000000000000110e+00 4.977100000000000080e+01 9.583100000000000307e+01 1.819039999999999964e+02 2.540850000000000080e+02 3.134479999999999791e+02 3.608679999999999950e+02 4.000299999999999727e+02 4.088149999999999977e+02 3.942309999999999945e+02 3.472509999999999764e+02 3.343639999999999759e+02 7.283700000000000330e+01 3.708000000000000185e+00 2.947999999999999954e+00 2.335999999999999854e+00 2.072999999999999954e+00 1.766000000000000014e+00 1.731999999999999984e+00 1.620000000000000107e+00 1.508999999999999897e+00 1.524000000000000021e+00 1.443999999999999950e+00 1.368000000000000105e+00
1.999000000000000110e+00 4.967399999999999949e+01 9.588200000000000500e+01 1.792690000000000055e+02 2.543240000000000123e+02 3.157330000000000041e+02 3.619780000000000086e+02 3.973809999999999718e+02 4.079440000000000168e+02 4.067440000000000282e+02 3.648629999999999995e+02 3.139399999999999977e+02 6.999399999999999977e+01 3.956999999999999851e+00 2.876999999999999780e+00 2.365000000000000213e+00 2.011000000000000121e+00 1.798999999999999932e+00 1.739000000000000101e+00 1.584999999999999964e+00 1.572999999999999954e+00 1.502000000000000002e+00 1.431999999999999940e+00 1.419000000000000039e+00
1.999000000000000110e+00 4.970900000000000318e+01 9.589700000000000557e+01 1.793890000000000100e+02 2.506450000000000102e+02 3.156630000000000109e+02 3.607139999999999986e+02 3.944289999999999736e+02 4.103589999999999804e+02 3.996259999999999764e+02 3.644719999999999800e+02 3.191170000000000186e+02 6.610299999999999443e+01 3.712000000000000188e+00 2.950000000000000178e+00 2.338999999999999968e+00 2.019000000000000128e+00 1.842000000000000082e+00 1.719000000000000083e+00 1.574000000000000066e+00 1.510000000000000009e+00 1.481999999999999984e+00 1.467999999999999972e+00 1.425000000000000044e+00
1.999000000000000110e+00 4.970799999999999841e+01 9.585299999999999443e+01 1.788810000000000002e+02 2.503149999999999977e+02 3.136089999999999804e+02 3.623070000000000164e+02 3.985550000000000068e+02 4.011410000000000196e+02 4.114479999999999791e+02 3.844759999999999991e+02 3.200190000000000055e+02 7.029999999999999716e+01 3.685000000000000053e+00 3.178999999999999826e+00 2.297000000000000153e+00 1.969999999999999973e+00 1.830999999999999961e+00 1.600999999999999979e+00 1.538000000000000034e+00 1.568000000000000060e+00 1.457999999999999963e+00 1.427000000000000046e+00 1.423999999999999932e+00
1.999000000000000110e+00 4.971300000000000097e+01 9.576900000000000546e+01 1.798820000000000050e+02 2.525060000000000002e+02 3.129470000000000027e+02 3.642289999999999850e+02 3.934030000000000200e+02 4.164920000000000186e+02 4.074560000000000173e+02 3.663260000000000218e+02 3.336030000000000086e+02 7.668399999999999750e+01 3.484999999999999876e+00 2.846000000000000085e+00 2.294999999999999929e+00 1.901999999999999913e+00 1.903000000000000025e+00 1.743000000000000105e+00 1.661000000000000032e+00 1.580999999999999961e+00 1.512999999999999901e+00 1.427000000000000046e+00 1.441000000000000059e+00
1.999000000000000110e+00 4.969100000000000250e+01 9.586899999999999977e+01 1.802800000000000011e+02 2.508689999999999998e+02 3.121370000000000005e+02 3.588410000000000082e+02 3.870860000000000127e+02 4.041909999999999741e+02 4.062069999999999936e+02 3.560459999999999923e+02 3.191539999999999964e+02 6.332200000000000273e+01 4.216000000000000192e+00 2.855999999999999872e+00 2.394000000000000128e+00 2.067000000000000171e+00 1.875999999999999890e+00 1.691000000000000059e+00 1.645999999999999908e+00 1.502000000000000002e+00 1.487999999999999989e+00 1.411999999999999922e+00 1.415000000000000036e+00
1.999000000000000110e+00 4.957000000000000028e+01 9.586299999999999955e+01 1.821299999999999955e+02 2.529879999999999995e+02 3.160099999999999909e+02 3.640049999999999955e+02 3.921109999999999900e+02 4.164370000000000118e+02 4.016449999999999818e+02 3.649270000000000209e+02 3.172389999999999759e+02 5.988400000000000034e+01 3.822999999999999954e+00 2.821000000000000174e+00 2.274000000000000021e+00 1.911999999999999922e+00 1.877999999999999892e+00 1.699000000000000066e+00 1.641999999999999904e+00 1.544000000000000039e+00 1.485999999999999988e+00 1.532000000000000028e+00 1.473999999999999977e+00
1.999000000000000110e+00 5.000200000000000244e+01 9.584199999999999875e+01 1.800360000000000014e+02 2.537860000000000014e+02 3.118319999999999936e+02 3.633399999999999750e+02 3.967719999999999914e+02 4.169309999999999832e+02 4.042099999999999795e+02 3.511530000000000200e+02 2.998990000000000009e+02 7.956499999999999773e+01 3.709999999999999964e+00 2.920999999999999819e+00 2.306999999999999940e+00 2.021999999999999797e+00 1.808999999999999941e+00 1.689000000000000057e+00 1.649999999999999911e+00 1.497000000000000108e+00 1.479999999999999982e+00 1.475999999999999979e+00 1.381000000000000005e+00
1.999000000000000110e+00 4.957500000000000284e+01 9.592600000000000193e+01 1.810699999999999932e+02 2.543870000000000005e+02 3.160939999999999941e+02 3.649739999999999895e+02 4.001229999999999905e+02 4.111320000000000050e+02 4.048999999999999773e+02 3.425840000000000032e+02 3.285880000000000223e+02 6.245600000000000307e+01 3.701999999999999957e+00 2.806999999999999940e+00 2.455999999999999961e+00 1.937000000000000055e+00 1.756000000000000005e+00 1.669999999999999929e+00 1.602999999999999980e+00 1.528999999999999915e+00 1.534000000000000030e+00 1.445000000000000062e+00 1.395999999999999908e+00
1.999000000000000110e+00 4.981600000000000250e+01 9.592499999999999716e+01 1.787570000000000050e+02 2.518149999999999977e+02 3.146659999999999968e+02 3.599630000000000223e+02 3.901329999999999814e+02 4.044630000000000223e+02 4.179220000000000255e+02 3.736859999999999786e+02 3.224510000000000218e+02 6.483599999999999852e+01 3.584000000000000075e+00 2.689000000000000057e+00 2.266999999999999904e+00 2.007000000000000117e+00 1.786999999999999922e+00 1.649999999999999911e+00 1.695000000000000062e+00 1.568000000000000060e+00 1.463999999999999968e+00 1.443000000000000060e+00 1.467000000000000082e+00
1.999000000000000110e+00 4.966100000000000136e+01 9.609499999999999886e+01 1.804900000000000091e+02 2.516210000000000093e+02 3.145740000000000123e+02 3.588709999999999809e+02 3.984580000000000268e+02 4.066000000000000227e+02 4.001580000000000155e+02 3.738070000000000164e+02 3.215249999999999773e+02 7.572199999999999420e+01 3.936999999999999833e+00 2.947000000000000064e+00 2.262999999999999901e+00 1.937999999999999945e+00 1.824000000000000066e+00 1.657000000000000028e+00 1.572999999999999954e+00 1.594000000000000083e+00 1.516999999999999904e+00 1.461000000000000076e+00 1.433999999999999941e+00
1.999000000000000110e+00 4.980799999999999983e+01 9.562699999999999534e+01 1.800080000000000098e+02 2.539019999999999868e+02 3.143720000000000141e+02 3.661329999999999814e+02 3.976429999999999723e+02 4.086340000000000146e+02 4.046840000000000259e+02 3.583480000000000132e+02 3.108609999999999900e+02 6.806799999999999784e+01 4.052999999999999936e+00 2.806999999999999940e+00 2.309000000000000163e+00 2.052000000000000046e+00 1.838000000000000078e+00 1.693000000000000060e+00 1.661000000000000032e+00 1.596000000000000085e+00 1.524000000000000021e+00 1.479999999999999982e+00 1.413999999999999924e+00
1.999000000000000110e+00 4.967199999999999704e+01 9.535999999999999943e+01 1.811829999999999927e+02 2.545680000000000121e+02 3.181229999999999905e+02 3.645319999999999823e+02 3.943190000000000168e+02 4.036879999999999882e+02 3.963690000000000282e+02 3.704159999999999968e+02 3.051200000000000045e+02 6.494700000000000273e+01 3.775999999999999801e+00 2.907999999999999918e+00 2.315999999999999837e+00 2.020000000000000018e+00 1.850000000000000089e+00 1.735999999999999988e+00 1.618999999999999995e+00 1.518000000000000016e+00 1.469999999999999973e+00 1.475999999999999979e+00 1.421999999999999931e+00
1.999000000000000110e+00 4.977900000000000347e+01 9.592000000000000171e+01 1.796349999999999909e+02 2.519979999999999905e+02 3.167749999999999773e+02 3.664049999999999727e+02 3.994159999999999968e+02 4.041240000000000236e+02 4.080260000000000105e+02 3.586990000000000123e+02 3.113179999999999836e+02 7.456000000000000227e+01 3.612999999999999989e+00 3.104999999999999982e+00 2.259999999999999787e+00 2.000999999999999890e+00 1.826000000000000068e+00 1.701999999999999957e+00 1.562999999999999945e+00 1.508000000000000007e+00 1.469000000000000083e+00 1.453000000000000069e+00 1.401999999999999913e+00
1.999000000000000110e+00 4.958200000000000074e+01 9.590099999999999625e+01 1.791719999999999970e+02 2.509449999999999932e+02 3.145570000000000164e+02 3.596379999999999768e+02 3.986560000000000059e+02 4.084700000000000273e+02 4.085849999999999795e+02 3.672520000000000095e+02 3.173620000000000232e+02 7.085200000000000387e+01 4.176999999999999602e+00 2.995000000000000107e+00 2.379999999999999893e+00 1.981000000000000094e+00 1.828000000000000069e+00 1.653000000000000025e+00 1.604000000000000092e+00 1.564000000000000057e+00 1.493000000000000105e+00 1.463000000000000078e+00 1.368999999999999995e+00
1.999000000000000110e+00 4.971099999999999852e+01 9.584399999999999409e+01 1.792560000000000002e+02 2.524639999999999986e+02 3.124669999999999845e+02 3.665059999999999718e+02 3.945040000000000191e+02 4.065520000000000209e+02 4.067760000000000105e+02 3.656410000000000196e+02 3.111610000000000014e+02 7.737199999999999989e+01 3.770000000000000018e+00 3.096999999999999975e+00 2.315999999999999837e+00 2.064000000000000057e+00 1.877999999999999892e+00 1.663000000000000034e+00 1.588000000000000078e+00 1.552000000000000046e+00 1.526000000000000023e+00 1.405999999999999917e+00 1.447999999999999954e+00
1.999000000000000110e+00 4.974199999999999733e+01 9.587099999999999511e+01 1.805049999999999955e+02 2.541440000000000055e+02 3.143269999999999982e+02 3.597540000000000191e+02 3.927939999999999827e+02 4.158109999999999786e+02 3.910240000000000009e+02 3.641449999999999818e+02 3.188840000000000146e+02 6.843899999999999295e+01 3.745000000000000107e+00 2.879000000000000004e+00 2.262999999999999901e+00 2.069999999999999840e+00 1.745000000000000107e+00 1.715999999999999970e+00 1.637000000000000011e+00 1.612000000000000099e+00 1.536000000000000032e+00 1.407999999999999918e+00 1.391000000000000014e+00
1.999000000000000110e+00 4.964399999999999835e+01 9.613899999999999579e+01 1.800589999999999975e+02 2.511709999999999923e+02 3.122930000000000064e+02 3.604809999999999945e+02 3.989390000000000214e+02 4.143539999999999850e+02 4.094649999999999750e+02 3.469839999999999804e+02 3.090849999999999795e+02 5.440999999999999659e+01 3.450000000000000178e+00 2.875000000000000000e+00 2.330000000000000071e+00 1.997999999999999998e+00 1.846000000000000085e+00 1.699999999999999956e+00 1.625000000000000000e+00 1.538000000000000034e+00 1.491000000000000103e+00 1.381999999999999895e+00 1.443999999999999950e+00
1.999000000000000110e+00 4.969400000000000261e+01 9.506199999999999761e+01 1.808810000000000002e+02 2.556160000000000139e+02 3.137130000000000223e+02 3.603500000000000227e+02 3.921920000000000073e+02 4.080659999999999741e+02 4.029250000000000114e+02 3.520849999999999795e+02 3.356349999999999909e+02 7.414100000000000534e+01 3.846999999999999975e+00 2.745000000000000107e+00 2.379999999999999893e+00 1.971000000000000085e+00 1.735999999999999988e+00 1.729000000000000092e+00 1.592999999999999972e+00 1.506999999999999895e+00 1.455999999999999961e+00 1.471000000000000085e+00 1.374000000000000110e+00
1.999000000000000110e+00 4.979200000000000159e+01 9.560500000000000398e+01 1.797729999999999961e+02 2.552309999999999945e+02 3.157400000000000091e+02 3.586150000000000091e+02 3.976750000000000114e+02 4.012250000000000227e+02 3.968389999999999986e+02 3.654409999999999741e+02 3.181309999999999718e+02 5.780400000000000205e+01 3.528999999999999915e+00 2.657000000000000028e+00 2.455999999999999961e+00 1.997999999999999998e+00 1.877999999999999892e+00 1.667999999999999927e+00 1.596000000000000085e+00 1.594999999999999973e+00 1.457999999999999963e+00 1.429999999999999938e+00 1.405000000000000027e+00
1.999000000000000110e+00 4.956000000000000227e+01 9.550600000000000023e+01 1.802620000000000005e+02 2.562090000000000032e+02 3.099850000000000136e+02 3.525910000000000082e+02 3.978059999999999832e+02 3.969440000000000168e+02 4.026820000000000164e+02 3.683310000000000173e+02 3.253029999999999973e+02 7.305100000000000193e+01 3.660000000000000142e+00 2.826999999999999957e+00 2.342000000000000082e+00 1.989999999999999991e+00 1.856000000000000094e+00 1.727999999999999980e+00 1.600999999999999979e+00 1.584999999999999964e+00 1.495999999999999996e+00 1.461999999999999966e+00 1.453999999999999959e+00
1.999000000000000110e+00 4.974000000000000199e+01 9.576099999999999568e+01 1.803870000000000005e+02 2.540939999999999941e+02 3.158419999999999845e+02 3.603109999999999786e+02 3.889739999999999895e+02 4.208910000000000196e+02 4.012040000000000077e+02 3.661899999999999977e+02 3.070710000000000264e+02 7.650600000000000023e+01 3.956999999999999851e+00 3.100000000000000089e+00 2.225000000000000089e+00 1.923000000000000043e+00 1.806999999999999940e+00 1.770000000000000018e+00 1.572999999999999954e+00 1.528000000000000025e+00 1.520000000000000018e+00 1.455999999999999961e+00 1.387000000000000011e+00
