1.999000000000000110e+00 4.979399999999999693e+01 9.573900000000000432e+01 1.793259999999999934e+02 2.526930000000000121e+02 3.140570000000000164e+02 3.620120000000000005e+02 3.935219999999999914e+02 4.128000000000000114e+02 4.057579999999999814e+02 3.660980000000000132e+02 3.179399999999999977e+02 8.279999999999999716e+01 1.072300000000000075e+01 3.741000000000000103e+00 2.657000000000000028e+00 2.512000000000000011e+00 2.165000000000000036e+00 1.830999999999999961e+00 1.701000000000000068e+00 1.584999999999999964e+00 1.582999999999999963e+00 1.596999999999999975e+00 1.479999999999999982e+00
1.999000000000000110e+00 4.974099999999999966e+01 9.564400000000000546e+01 1.795939999999999941e+02 2.528760000000000048e+02 3.192740000000000009e+02 3.614080000000000155e+02 3.897049999999999841e+02 4.035099999999999909e+02 4.010330000000000155e+02 3.724230000000000018e+02 3.158489999999999895e+02 6.964400000000000546e+01 6.190000000000000391e+00 4.221000000000000085e+00 2.783999999999999808e+00 2.182999999999999829e+00 1.929000000000000048e+00 1.891000000000000014e+00 1.689000000000000057e+00 1.685999999999999943e+00 1.554000000000000048e+00 1.508999999999999897e+00 1.502000000000000002e+00
1.999000000000000110e+00 4.982600000000000051e+01 9.618300000000000693e+01 1.803990000000000009e+02 2.547959999999999923e+02 3.142970000000000255e+02 3.636019999999999754e+02 3.936700000000000159e+02 4.172429999999999950e+02 4.012160000000000082e+02 3.641879999999999882e+02 3.054440000000000168e+02 6.684799999999999898e+01 2.393100000000000094e+01 4.230000000000000426e+00 2.931999999999999940e+00 2.306000000000000050e+00 2.051000000000000156e+00 1.824000000000000066e+00 1.792000000000000037e+00 1.663999999999999924e+00 1.633999999999999897e+00 1.560000000000000053e+00 1.562999999999999945e+00
1.999000000000000110e+00 4.973299999999999699e+01 9.568099999999999739e+01 1.810649999999999977e+02 2.510900000000000034e+02 3.137640000000000100e+02 3.579630000000000223e+02 3.933310000000000173e+02 4.097740000000000009e+02 3.963310000000000173e+02 3.485409999999999968e+02 2.998050000000000068e+02 7.121500000000000341e+01 6.985999999999999766e+00 3.810000000000000053e+00 2.601999999999999869e+00 2.258999999999999897e+00 2.061999999999999833e+00 1.913999999999999924e+00 1.782000000000000028e+00 1.683999999999999941e+00 1.614000000000000101e+00 1.574000000000000066e+00 1.483000000000000096e+00
1.999000000000000110e+00 4.976400000000000290e+01 9.612699999999999534e+01 1.805300000000000011e+02 2.532520000000000095e+02 3.169669999999999845e+02 3.616610000000000014e+02 4.010629999999999882e+02 4.113090000000000259e+02 4.080380000000000109e+02 3.676519999999999868e+02 3.140400000000000205e+02 7.528199999999999648e+01 1.919300000000000139e+01 4.658999999999999808e+00 2.943999999999999950e+00 2.241000000000000103e+00 1.997000000000000108e+00 1.854999999999999982e+00 1.822999999999999954e+00 1.669000000000000039e+00 1.604999999999999982e+00 1.606999999999999984e+00 1.500000000000000000e+00
1.999000000000000110e+00 4.964800000000000324e+01 9.606699999999999307e+01 1.797630000000000052e+02 2.556990000000000123e+02 3.153330000000000268e+02 3.618600000000000136e+02 3.977409999999999854e+02 4.053020000000000209e+02 3.858679999999999950e+02 3.494420000000000073e+02 3.219119999999999777e+02 7.462399999999999523e+01 1.131799999999999962e+01 4.525000000000000355e+00 2.674999999999999822e+00 2.278999999999999915e+00 1.939999999999999947e+00 1.897999999999999909e+00 1.747000000000000108e+00 1.661999999999999922e+00 1.582000000000000073e+00 1.530000000000000027e+00 1.502000000000000002e+00
1.999000000000000110e+00 4.962700000000000244e+01 9.566899999999999693e+01 1.799579999999999984e+02 2.512959999999999923e+02 3.188299999999999841e+02 3.572470000000000141e+02 3.976709999999999923e+02 4.042760000000000105e+02 3.997599999999999909e+02 3.582330000000000041e+02 3.260140000000000100e+02 6.370600000000000307e+01 2.782499999999999929e+01 3.899000000000000021e+00 2.895000000000000018e+00 2.329000000000000181e+00 1.975999999999999979e+00 1.937999999999999945e+00 1.739999999999999991e+00 1.586000000000000076e+00 1.556000000000000050e+00 1.469999999999999973e+00 1.512999999999999901e+00
1.999000000000000110e+00 4.948899999999999721e+01 9.652899999999999636e+01 1.802889999999999873e+02 2.535049999999999955e+02 3.097330000000000041e+02 3.660450000000000159e+02 3.928740000000000236e+02 4.044820000000000277e+02 3.988249999999999886e+02 3.594409999999999741e+02 3.193890000000000100e+02 6.888599999999999568e+01 1.589600000000000080e+01 3.983999999999999986e+00 2.830999999999999961e+00 2.395000000000000018e+00 1.961999999999999966e+00 1.856999999999999984e+00 1.824999999999999956e+00 1.709000000000000075e+00 1.544999999999999929e+00 1.522999999999999909e+00 1.471000000000000085e+00
1.999000000000000110e+00 4.988900000000000290e+01 9.559900000000000375e+01 1.807450000000000045e+02 2.530000000000000000e+02 3.129800000000000182e+02 3.608419999999999845e+02 3.868759999999999764e+02 4.075380000000000109e+02 3.961480000000000246e+02 3.736569999999999823e+02 3.280380000000000109e+02 7.123699999999999477e+01 8.621999999999999886e+00 4.060999999999999943e+00 2.915999999999999925e+00 2.435000000000000053e+00 1.921000000000000041e+00 1.893999999999999906e+00 1.655000000000000027e+00 1.663000000000000034e+00 1.633999999999999897e+00 1.546000000000000041e+00 1.504999999999999893e+00
1.999000000000000110e+00 4.963900000000000290e+01 9.596899999999999409e+01 1.796229999999999905e+02 2.552150000000000034e+02 3.125939999999999941e+02 3.616379999999999768e+02 3.929750000000000227e+02 4.124940000000000282e+02 4.074879999999999995e+02 3.573140000000000214e+02 3.288439999999999941e+02 6.645999999999999375e+01 6.251000000000000334e+00 3.919000000000000039e+00 2.717000000000000082e+00 2.329000000000000181e+00 2.117999999999999883e+00 1.955999999999999961e+00 1.852000000000000091e+00 1.683000000000000052e+00 1.580000000000000071e+00 1.562999999999999945e+00 1.512000000000000011e+00
1.999000000000000110e+00 4.973100000000000165e+01 9.590900000000000603e+01 1.798679999999999950e+02 2.514130000000000109e+02 3.184189999999999827e+02 3.652880000000000109e+02 3.962620000000000005e+02 4.116890000000000214e+02 4.099580000000000268e+02 3.649490000000000123e+02 3.178349999999999795e+02 5.743800000000000239e+01 7.131399999999999295e+01 4.386000000000000121e+00 2.944999999999999840e+00 2.362999999999999989e+00 2.089999999999999858e+00 1.828000000000000069e+00 1.752000000000000002e+00 1.786999999999999922e+00 1.620000000000000107e+00 1.512999999999999901e+00 1.493999999999999995e+00
1.999000000000000110e+00 4.953499999999999659e+01 9.589499999999999602e+01 1.806850000000000023e+02 2.502800000000000011e+02 3.095790000000000077e+02 3.610230000000000246e+02 3.911179999999999950e+02 4.089959999999999809e+02 4.047839999999999918e+02 3.615930000000000177e+02 3.153929999999999723e+02 7.053100000000000591e+01 2.374899999999999878e+01 3.783999999999999808e+00 2.701000000000000068e+00 2.242999999999999883e+00 2.067000000000000171e+00 1.872000000000000108e+00 1.762000000000000011e+00 1.715000000000000080e+00 1.530000000000000027e+00 1.556000000000000050e+00 1.489999999999999991e+00
1.999000000000000110e+00 4.973499999999999943e+01 9.592199999999999704e+01 1.800000000000000000e+02 2.545560000000000116e+02 3.138279999999999745e+02 3.587350000000000136e+02 3.986089999999999804e+02 4.032350000000000136e+02 4.074460000000000264e+02 3.635350000000000250e+02 3.040729999999999791e+02 6.240999999999999659e+01 7.690999999999999837e+00 3.834000000000000075e+00 2.935000000000000053e+00 2.426000000000000156e+00 1.997000000000000108e+00 1.818999999999999950e+00 1.790000000000000036e+00 1.659000000000000030e+00 1.610000000000000098e+00 1.576000000000000068e+00 1.441000000000000059e+00
1.999000000000000110e+00 4.966899999999999693e+01 9.602299999999999613e+01 1.810699999999999932e+02 2.536040000000000134e+02 3.162119999999999891e+02 3.598919999999999959e+02 3.879660000000000082e+02 4.035740000000000123e+02 4.004230000000000018e+02 3.691770000000000209e+02 3.057520000000000095e+02 7.291800000000000637e+01 8.666999999999999815e+00 4.424000000000000377e+00 2.531000000000000139e+00 2.468999999999999861e+00 2.084999999999999964e+00 1.975000000000000089e+00 1.758999999999999897e+00 1.598000000000000087e+00 1.600999999999999979e+00 1.514000000000000012e+00 1.588000000000000078e+00
1.999000000000000110e+00 4.977900000000000347e+01 9.488700000000000045e+01 1.804739999999999895e+02 2.549099999999999966e+02 3.158460000000000036e+02 3.620869999999999891e+02 3.891589999999999918e+02 4.162520000000000095e+02 3.940910000000000082e+02 3.570120000000000005e+02 3.003070000000000164e+02 6.191100000000000136e+01 6.519999999999999574e+00 4.048000000000000043e+00 2.757000000000000117e+00 2.221999999999999975e+00 2.092999999999999972e+00 1.852999999999999980e+00 1.764000000000000012e+00 1.695999999999999952e+00 1.576000000000000068e+00 1.572000000000000064e+00 1.522999999999999909e+00
1.999000000000000110e+00 4.984400000000000119e+01 9.571999999999999886e+01 1.793820000000000050e+02 2.528350000000000080e+02 3.186410000000000196e+02 3.588690000000000282e+02 3.939270000000000209e+02 4.075319999999999823e+02 3.922889999999999873e+02 3.632730000000000246e+02 3.218199999999999932e+02 6.970199999999999818e+01 1.114799999999999969e+01 4.288000000000000256e+00 2.692000000000000171e+00 2.289000000000000146e+00 2.084000000000000075e+00 1.848000000000000087e+00 1.770000000000000018e+00 1.665000000000000036e+00 1.701000000000000068e+00 1.560999999999999943e+00 1.548999999999999932e+00
1.999000000000000110e+00 4.959599999999999653e+01 9.565200000000000102e+01 1.810639999999999930e+02 2.524060000000000059e+02 3.111229999999999905e+02 3.552799999999999727e+02 3.943269999999999982e+02 4.184850000000000136e+02 4.157019999999999982e+02 3.648750000000000000e+02 3.206859999999999786e+02 6.750499999999999545e+01 8.134000000000000341e+00 5.397000000000000242e+00 2.758000000000000007e+00 2.303999999999999826e+00 2.060000000000000053e+00 1.790999999999999925e+00 1.713999999999999968e+00 1.723999999999999977e+00 1.612000000000000099e+00 1.510999999999999899e+00 1.514000000000000012e+00
1.999000000000000110e+00 4.975600000000000023e+01 9.612900000000000489e+01 1.789199999999999875e+02 2.520360000000000014e+02 3.130230000000000246e+02 3.642440000000000282e+02 3.957239999999999895e+02 4.196030000000000086e+02 3.985830000000000268e+02 3.752189999999999941e+02 3.085240000000000009e+02 7.527299999999999613e+01 1.998999999999999844e+01 4.540000000000000036e+00 2.774000000000000021e+00 2.302000000000000046e+00 2.177999999999999936e+00 1.885999999999999899e+00 1.707999999999999963e+00 1.673999999999999932e+00 1.574999999999999956e+00 1.516000000000000014e+00 1.550999999999999934e+00
1.999000000000000110e+00 4.965699999999999648e+01 9.594199999999999307e+01 1.806179999999999950e+02 2.543100000000000023e+02 3.138519999999999754e+02 3.582470000000000141e+02 3.956250000000000000e+02 4.083829999999999814e+02 4.063319999999999936e+02 3.628149999999999977e+02 3.044889999999999759e+02 7.228799999999999670e+01 7.657000000000000028e+00 4.209999999999999964e+00 2.653999999999999915e+00 2.373000000000000220e+00 2.095000000000000195e+00 1.917000000000000037e+00 1.729000000000000092e+00 1.754999999999999893e+00 1.596999999999999975e+00 1.530999999999999917e+00 1.514999999999999902e+00
1.999000000000000110e+00 4.954599999999999937e+01 9.565500000000000114e+01 1.804219999999999970e+02 2.514710000000000036e+02 3.142040000000000077e+02 3.556940000000000168e+02 3.924030000000000200e+02 4.134610000000000127e+02 3.994060000000000059e+02 3.657529999999999859e+02 3.107880000000000109e+02 6.799599999999999511e+01 1.061899999999999977e+01 4.405000000000000249e+00 2.797000000000000153e+00 2.325000000000000178e+00 2.012999999999999901e+00 1.963000000000000078e+00 1.768000000000000016e+00 1.602999999999999980e+00 1.578000000000000069e+00 1.481999999999999984e+00 1.481999999999999984e+00
1.999000000000000110e+00 4.987299999999999756e+01 9.566599999999999682e+01 1.789290000000000020e+02 2.502379999999999995e+02 3.137350000000000136e+02 3.626560000000000059e+02 3.923740000000000236e+02 4.112520000000000095e+02 4.043840000000000146e+02 3.621850000000000023e+02 3.077760000000000105e+02 6.666299999999999670e+01 6.822000000000000064e+00 4.652000000000000135e+00 2.689000000000000057e+00 2.439000000000000057e+00 2.080000000000000071e+00 1.764999999999999902e+00 1.737999999999999989e+00 1.651000000000000023e+00 1.574999999999999956e+00 1.564000000000000057e+00 1.423999999999999932e+00
1.999000000000000110e+00 4.968500000000000227e+01 9.595099999999999341e+01 1.793240000000000123e+02 2.530070000000000050e+02 3.119850000000000136e+02 3.577269999999999754e+02 3.986150000000000091e+02 4.063380000000000223e+02 3.947620000000000005e+02 3.762740000000000009e+02 3.072819999999999823e+02 6.844799999999999329e+01 1.012500000000000000e+01 5.123999999999999666e+00 2.751999999999999780e+00 2.281000000000000139e+00 2.055000000000000160e+00 1.883999999999999897e+00 1.792999999999999927e+00 1.689000000000000057e+00 1.548999999999999932e+00 1.584999999999999964e+00 1.512000000000000011e+00
1.999000000000000110e+00 4.967199999999999704e+01 9.598600000000000421e+01 1.803820000000000050e+02 2.510639999999999930e+02 3.155079999999999814e+02 3.602420000000000186e+02 3.899750000000000227e+02 4.003319999999999936e+02 3.972939999999999827e+02 3.572980000000000018e+02 3.115210000000000150e+02 6.922199999999999420e+01 9.907000000000000028e+00 4.256000000000000227e+00 2.616999999999999993e+00 2.145999999999999908e+00 2.201000000000000068e+00 1.985999999999999988e+00 1.796999999999999931e+00 1.717000000000000082e+00 1.598000000000000087e+00 1.562999999999999945e+00 1.497000000000000108e+00
1.999000000000000110e+00 4.967199999999999704e+01 9.566500000000000625e+01 1.795629999999999882e+02 2.491109999999999900e+02 3.142470000000000141e+02 3.621190000000000282e+02 3.965360000000000014e+02 4.187189999999999941e+02 4.002599999999999909e+02 3.604669999999999845e+02 3.230740000000000123e+02 6.514100000000000534e+01 8.941000000000000725e+00 4.270999999999999908e+00 2.697000000000000064e+00 2.258999999999999897e+00 2.071000000000000174e+00 1.965000000000000080e+00 1.772999999999999909e+00 1.631000000000000005e+00 1.598999999999999977e+00 1.550999999999999934e+00 1.471999999999999975e+00
1.999000000000000110e+00 4.973799999999999955e+01 9.572599999999999909e+01 1.795140000000000100e+02 2.530610000000000070e+02 3.136929999999999836e+02 3.604610000000000127e+02 3.970769999999999982e+02 4.134519999999999982e+02 4.068629999999999995e+02 3.625670000000000073e+02 3.107350000000000136e+02 7.402899999999999636e+01 6.011999999999999567e+00 4.509999999999999787e+00 2.837000000000000188e+00 2.533999999999999808e+00 2.085999999999999854e+00 2.005999999999999783e+00 1.760999999999999899e+00 1.715999999999999970e+00 1.586999999999999966e+00 1.582999999999999963e+00 1.574000000000000066e+00
