1.999000000000000110e+00 4.976700000000000301e+01 9.479800000000000182e+01 1.699660000000000082e+02 2.355900000000000034e+02 3.029370000000000118e+02 3.871490000000000009e+02 4.601940000000000168e+02 5.227079999999999700e+02 5.881989999999999554e+02 6.453609999999999900e+02 6.922259999999999991e+02 7.119109999999999445e+02 7.456079999999999472e+02 7.923460000000000036e+02 8.778310000000000173e+02 8.800309999999999491e+02 9.545739999999999554e+02 1.024611000000000104e+03 1.061388999999999896e+03 1.059234999999999900e+03 1.109699000000000069e+03 1.205596999999999980e+03 1.179305000000000064e+03
1.999000000000000110e+00 4.970300000000000296e+01 9.508799999999999386e+01 1.635440000000000111e+02 2.296839999999999975e+02 3.158450000000000273e+02 3.903690000000000282e+02 4.642939999999999827e+02 5.137490000000000236e+02 6.027880000000000109e+02 6.496390000000000100e+02 7.007119999999999891e+02 7.112770000000000437e+02 7.366689999999999827e+02 7.956989999999999554e+02 8.310929999999999609e+02 9.106910000000000309e+02 9.514310000000000400e+02 9.532559999999999718e+02 9.710049999999999955e+02 1.055781999999999925e+03 1.104750999999999976e+03 1.195799999999999955e+03 1.169989000000000033e+03
1.999000000000000110e+00 4.951700000000000301e+01 9.554800000000000182e+01 1.759939999999999998e+02 2.330809999999999889e+02 3.117660000000000196e+02 3.845819999999999936e+02 4.669519999999999982e+02 5.246660000000000537e+02 5.864370000000000118e+02 6.634279999999999973e+02 6.688680000000000518e+02 7.121499999999999773e+02 7.546670000000000300e+02 7.676100000000000136e+02 8.007930000000000064e+02 8.809360000000000355e+02 9.504379999999999882e+02 1.001599000000000046e+03 1.079424999999999955e+03 1.089738000000000056e+03 1.108619999999999891e+03 1.162840999999999894e+03 1.240747000000000071e+03
1.999000000000000110e+00 4.963100000000000023e+01 9.538200000000000500e+01 1.730449999999999875e+02 2.436980000000000075e+02 3.062669999999999959e+02 3.778910000000000196e+02 4.603299999999999841e+02 5.288920000000000528e+02 6.041509999999999536e+02 6.467380000000000564e+02 6.952369999999999663e+02 7.500449999999999591e+02 7.490080000000000382e+02 7.834310000000000400e+02 8.209669999999999845e+02 9.087500000000000000e+02 9.582240000000000464e+02 9.729450000000000500e+02 1.055041999999999916e+03 1.078265000000000100e+03 1.148817999999999984e+03 1.192565000000000055e+03 1.226607999999999947e+03
1.999000000000000110e+00 4.972899999999999920e+01 9.528600000000000136e+01 1.722609999999999957e+02 2.345080000000000098e+02 3.111979999999999791e+02 3.791979999999999791e+02 4.720880000000000223e+02 5.257459999999999809e+02 6.022400000000000091e+02 6.707240000000000464e+02 6.792699999999999818e+02 7.207459999999999809e+02 7.676539999999999964e+02 7.945650000000000546e+02 8.296480000000000246e+02 9.034819999999999709e+02 9.254170000000000300e+02 9.864270000000000209e+02 1.017575000000000045e+03 1.061194999999999936e+03 1.182852000000000089e+03 1.198345000000000027e+03 1.177835000000000036e+03
1.999000000000000110e+00 4.957500000000000284e+01 9.566800000000000637e+01 1.729710000000000036e+02 2.347800000000000011e+02 3.107819999999999823e+02 3.771560000000000059e+02 4.609560000000000173e+02 5.353239999999999554e+02 5.724859999999999900e+02 6.388529999999999518e+02 6.864930000000000518e+02 6.921649999999999636e+02 7.346749999999999545e+02 7.976449999999999818e+02 8.389800000000000182e+02 8.931140000000000327e+02 9.363519999999999754e+02 9.841340000000000146e+02 1.043548000000000002e+03 1.043934999999999945e+03 1.143888999999999896e+03 1.168868999999999915e+03 1.209439000000000078e+03
1.999000000000000110e+00 4.971200000000000330e+01 9.574299999999999500e+01 1.752419999999999902e+02 2.405060000000000002e+02 3.105110000000000241e+02 3.814979999999999905e+02 4.463369999999999891e+02 5.133609999999999900e+02 5.862949999999999591e+02 6.595240000000000009e+02 6.834869999999999663e+02 7.224120000000000346e+02 7.556829999999999927e+02 7.802809999999999491e+02 8.382250000000000227e+02 8.813429999999999609e+02 9.239969999999999573e+02 1.027678000000000111e+03 1.025760999999999967e+03 1.070393000000000029e+03 1.129140000000000100e+03 1.201406999999999925e+03 1.203601000000000113e+03
1.999000000000000110e+00 4.973299999999999699e+01 9.534199999999999875e+01 1.731910000000000025e+02 2.327969999999999970e+02 3.177160000000000082e+02 3.907740000000000009e+02 4.478890000000000100e+02 5.258819999999999482e+02 5.954890000000000327e+02 6.563600000000000136e+02 6.994479999999999791e+02 7.345180000000000291e+02 7.634139999999999873e+02 7.987540000000000191e+02 8.248189999999999600e+02 8.972129999999999654e+02 9.135480000000000018e+02 1.015032000000000039e+03 1.053272999999999911e+03 1.096876999999999953e+03 1.130472999999999956e+03 1.113452999999999975e+03 1.272047000000000025e+03
1.999000000000000110e+00 4.972399999999999665e+01 9.562999999999999545e+01 1.644449999999999932e+02 2.351539999999999964e+02 3.193929999999999723e+02 3.745269999999999868e+02 4.501759999999999877e+02 5.031100000000000136e+02 5.998410000000000082e+02 6.387250000000000227e+02 6.805399999999999636e+02 7.064850000000000136e+02 7.306530000000000200e+02 7.456309999999999718e+02 8.351259999999999764e+02 9.007549999999999955e+02 9.695760000000000218e+02 9.998020000000000209e+02 1.041857999999999947e+03 1.069987000000000080e+03 1.089201000000000022e+03 1.152993999999999915e+03 1.273075000000000045e+03
1.999000000000000110e+00 4.961800000000000210e+01 9.565600000000000591e+01 1.728449999999999989e+02 2.358739999999999952e+02 3.182280000000000086e+02 3.796349999999999909e+02 4.570280000000000200e+02 5.211829999999999927e+02 5.886789999999999736e+02 6.417770000000000437e+02 6.882730000000000246e+02 7.235449999999999591e+02 7.552390000000000327e+02 7.791789999999999736e+02 8.116539999999999964e+02 8.668630000000000564e+02 1.008761999999999944e+03 9.767400000000000091e+02 1.055142000000000053e+03 1.099163000000000011e+03 1.132224999999999909e+03 1.157253999999999905e+03 1.217423999999999978e+03
1.999000000000000110e+00 4.976299999999999812e+01 9.503799999999999670e+01 1.731570000000000107e+02 2.445300000000000011e+02 3.068990000000000009e+02 3.854119999999999777e+02 4.554889999999999759e+02 5.269930000000000518e+02 6.016630000000000109e+02 6.499310000000000400e+02 6.881799999999999500e+02 7.422630000000000337e+02 7.509740000000000464e+02 7.705299999999999727e+02 8.309099999999999682e+02 8.961829999999999927e+02 9.393179999999999836e+02 9.957870000000000346e+02 1.066034000000000106e+03 1.074553000000000111e+03 1.152834000000000060e+03 1.153595000000000027e+03 1.189798000000000002e+03
1.999000000000000110e+00 4.974399999999999977e+01 9.541700000000000159e+01 1.717150000000000034e+02 2.336330000000000098e+02 3.165000000000000000e+02 3.854639999999999986e+02 4.623609999999999900e+02 5.403959999999999582e+02 5.963079999999999927e+02 6.356200000000000045e+02 6.880259999999999536e+02 7.171290000000000191e+02 7.531589999999999918e+02 7.769289999999999736e+02 8.227440000000000282e+02 8.782169999999999845e+02 9.343970000000000482e+02 9.870109999999999673e+02 1.010749000000000024e+03 1.093640000000000100e+03 1.119326999999999998e+03 1.226226000000000113e+03 1.221865000000000009e+03
1.999000000000000110e+00 4.960000000000000142e+01 9.558599999999999852e+01 1.721469999999999914e+02 2.397179999999999893e+02 3.093500000000000227e+02 3.867980000000000018e+02 4.599529999999999745e+02 5.357119999999999891e+02 5.882140000000000555e+02 6.503640000000000327e+02 6.878640000000000327e+02 7.192699999999999818e+02 7.566589999999999918e+02 7.860940000000000509e+02 8.360800000000000409e+02 9.121029999999999518e+02 9.398959999999999582e+02 9.711720000000000255e+02 1.034280999999999949e+03 1.116433999999999969e+03 1.098865000000000009e+03 1.115291999999999916e+03 1.234182999999999993e+03
1.999000000000000110e+00 4.971999999999999886e+01 9.577599999999999625e+01 1.749219999999999970e+02 2.348110000000000070e+02 3.185079999999999814e+02 3.789800000000000182e+02 4.710240000000000009e+02 5.086840000000000259e+02 6.133020000000000209e+02 6.651119999999999663e+02 6.826230000000000473e+02 7.162609999999999673e+02 7.340019999999999527e+02 7.832880000000000109e+02 8.423559999999999945e+02 8.880449999999999591e+02 9.211580000000000155e+02 1.029877999999999929e+03 1.019509000000000015e+03 1.118019000000000005e+03 1.140683999999999969e+03 1.155955999999999904e+03 1.188291999999999916e+03
1.999000000000000110e+00 4.978499999999999659e+01 9.582599999999999341e+01 1.715850000000000080e+02 2.345480000000000018e+02 3.138600000000000136e+02 3.867970000000000255e+02 4.599990000000000236e+02 5.244700000000000273e+02 5.915159999999999627e+02 6.661399999999999864e+02 7.175919999999999845e+02 7.037369999999999663e+02 7.363210000000000264e+02 7.857599999999999909e+02 8.488150000000000546e+02 8.557789999999999964e+02 9.022920000000000300e+02 9.837920000000000300e+02 1.018710000000000036e+03 1.092675999999999931e+03 1.153476000000000113e+03 1.160818999999999960e+03 1.205364000000000033e+03
1.999000000000000110e+00 4.971399999999999864e+01 9.528100000000000591e+01 1.643460000000000036e+02 2.360430000000000064e+02 3.166859999999999786e+02 3.919689999999999941e+02 4.498750000000000000e+02 5.094750000000000227e+02 5.956440000000000055e+02 6.635389999999999873e+02 6.662540000000000191e+02 7.019109999999999445e+02 7.367830000000000155e+02 7.432540000000000191e+02 8.479109999999999445e+02 8.879859999999999900e+02 9.381710000000000491e+02 9.451549999999999727e+02 1.078555000000000064e+03 1.055442000000000007e+03 1.108496000000000095e+03 1.122051999999999907e+03 1.249739000000000033e+03
1.999000000000000110e+00 4.959400000000000119e+01 9.483499999999999375e+01 1.722589999999999861e+02 2.316040000000000134e+02 3.174900000000000091e+02 3.851220000000000141e+02 4.499159999999999968e+02 5.139270000000000209e+02 5.828619999999999663e+02 6.565800000000000409e+02 6.948010000000000446e+02 7.417530000000000427e+02 7.287789999999999964e+02 7.764969999999999573e+02 8.288949999999999818e+02 9.161280000000000427e+02 9.479769999999999754e+02 9.610430000000000064e+02 1.027657999999999902e+03 1.081384000000000015e+03 1.128167999999999893e+03 1.137848999999999933e+03 1.197087999999999965e+03
1.999000000000000110e+00 4.946600000000000108e+01 9.539900000000000091e+01 1.746349999999999909e+02 2.314300000000000068e+02 3.084030000000000200e+02 3.924580000000000268e+02 4.674289999999999736e+02 5.318269999999999982e+02 6.058790000000000191e+02 6.654270000000000209e+02 6.830019999999999527e+02 7.324070000000000391e+02 7.859030000000000200e+02 7.882699999999999818e+02 8.479379999999999882e+02 8.708379999999999654e+02 9.634039999999999964e+02 9.759519999999999982e+02 1.002799999999999955e+03 1.070189000000000078e+03 1.144917999999999893e+03 1.135058999999999969e+03 1.228311999999999898e+03
1.999000000000000110e+00 4.988300000000000267e+01 9.505700000000000216e+01 1.643559999999999945e+02 2.388329999999999984e+02 3.059270000000000209e+02 3.846399999999999864e+02 4.651449999999999818e+02 5.255249999999999773e+02 5.818529999999999518e+02 6.567519999999999527e+02 6.904950000000000045e+02 7.236559999999999491e+02 7.738780000000000427e+02 7.975460000000000491e+02 8.085389999999999873e+02 8.969279999999999973e+02 9.321699999999999591e+02 9.645760000000000218e+02 1.040733999999999924e+03 1.071855000000000018e+03 1.142534000000000106e+03 1.169820999999999913e+03 1.196653999999999996e+03
1.999000000000000110e+00 4.950500000000000256e+01 9.566299999999999670e+01 1.728170000000000073e+02 2.318129999999999882e+02 3.198029999999999973e+02 3.809399999999999977e+02 4.508949999999999818e+02 5.428769999999999527e+02 6.068229999999999791e+02 6.498700000000000045e+02 6.918460000000000036e+02 7.219990000000000236e+02 7.227680000000000291e+02 7.874149999999999636e+02 8.250209999999999582e+02 8.827540000000000191e+02 9.663680000000000518e+02 1.018307000000000016e+03 1.025570999999999913e+03 1.098020999999999958e+03 1.089551999999999907e+03 1.118688000000000102e+03 1.215215999999999894e+03
1.999000000000000110e+00 4.960099999999999909e+01 9.506399999999999295e+01 1.713389999999999986e+02 2.441370000000000005e+02 3.277259999999999991e+02 3.871650000000000205e+02 4.586870000000000118e+02 5.213070000000000164e+02 5.966390000000000100e+02 6.475140000000000100e+02 6.763899999999999864e+02 7.179360000000000355e+02 7.357849999999999682e+02 7.914719999999999800e+02 8.369439999999999600e+02 9.324379999999999882e+02 9.419779999999999518e+02 9.950929999999999609e+02 1.060779999999999973e+03 1.099894000000000005e+03 1.150112000000000080e+03 1.184599999999999909e+03 1.231800999999999931e+03
1.999000000000000110e+00 4.979200000000000159e+01 9.525900000000000034e+01 1.707949999999999875e+02 2.366069999999999993e+02 3.146619999999999777e+02 3.904460000000000264e+02 4.504350000000000023e+02 5.287899999999999636e+02 6.066929999999999836e+02 6.516140000000000327e+02 6.815850000000000364e+02 7.235049999999999955e+02 7.448229999999999791e+02 7.753469999999999800e+02 7.981549999999999727e+02 8.671660000000000537e+02 9.259660000000000082e+02 9.603360000000000127e+02 1.039440000000000055e+03 1.059048000000000002e+03 1.125069999999999936e+03 1.177884999999999991e+03 1.206432000000000016e+03
1.999000000000000110e+00 4.963900000000000290e+01 9.522199999999999420e+01 1.639079999999999870e+02 2.409319999999999879e+02 3.025919999999999845e+02 3.909250000000000114e+02 4.498919999999999959e+02 5.346019999999999754e+02 5.913289999999999509e+02 6.529719999999999800e+02 6.787309999999999945e+02 7.200040000000000191e+02 7.621459999999999582e+02 7.680149999999999864e+02 8.442390000000000327e+02 9.146290000000000191e+02 9.704539999999999509e+02 9.893500000000000227e+02 1.044674999999999955e+03 1.084454999999999927e+03 1.170510999999999967e+03 1.128865000000000009e+03 1.175576000000000022e+03
1.999000000000000110e+00 4.961800000000000210e+01 9.548000000000000398e+01 1.633199999999999932e+02 2.379110000000000014e+02 3.134950000000000045e+02 3.811250000000000000e+02 4.555749999999999886e+02 5.197350000000000136e+02 5.771090000000000373e+02 6.446699999999999591e+02 7.146390000000000100e+02 6.930109999999999673e+02 7.678669999999999618e+02 7.786730000000000018e+02 8.467450000000000045e+02 9.190359999999999445e+02 8.760929999999999609e+02 9.876520000000000437e+02 1.078800999999999931e+03 1.050558999999999969e+03 1.083131000000000085e+03 1.182982999999999947e+03 1.132906999999999925e+03
1.999000000000000110e+00 4.970600000000000307e+01 9.564100000000000534e+01 1.748590000000000089e+02 2.380320000000000107e+02 3.175459999999999923e+02 3.815090000000000146e+02 4.635369999999999777e+02 5.222300000000000182e+02 5.907580000000000382e+02 6.483769999999999527e+02 6.954230000000000018e+02 7.031290000000000191e+02 7.365299999999999727e+02 7.611069999999999709e+02 8.435019999999999527e+02 9.126820000000000164e+02 9.617549999999999955e+02 1.015366999999999962e+03 1.071632000000000062e+03 1.081345000000000027e+03 1.150105999999999995e+03 1.218558999999999969e+03 1.116112000000000080e+03
