1.999000000000000110e+00 4.960000000000000142e+01 9.544700000000000273e+01 1.807090000000000032e+02 2.560649999999999977e+02 3.139279999999999973e+02 3.660880000000000223e+02 3.965930000000000177e+02 4.107590000000000146e+02 4.019189999999999827e+02 3.602370000000000232e+02 3.144200000000000159e+02 4.533899999999999864e+01 3.757300000000000040e+01 1.297000000000000064e+01 1.846199999999999974e+01 5.461999999999999744e+00 3.854999999999999982e+00 3.464999999999999858e+00 2.608999999999999986e+00 2.706999999999999851e+00 2.333000000000000185e+00 2.242999999999999883e+00 2.032000000000000028e+00
1.999000000000000110e+00 4.986200000000000188e+01 9.578600000000000136e+01 1.821790000000000020e+02 2.538760000000000048e+02 3.131039999999999850e+02 3.638240000000000123e+02 3.915720000000000027e+02 4.057850000000000250e+02 4.002099999999999795e+02 3.570409999999999968e+02 3.173149999999999977e+02 4.684700000000000131e+01 4.633100000000000307e+01 4.202000000000000313e+01 1.271299999999999919e+01 6.195000000000000284e+00 3.693000000000000060e+00 3.140000000000000124e+00 2.890000000000000124e+00 2.834999999999999964e+00 2.447999999999999954e+00 2.382000000000000117e+00 1.854999999999999982e+00
1.999000000000000110e+00 4.976800000000000068e+01 9.572599999999999909e+01 1.794770000000000039e+02 2.516860000000000070e+02 3.138090000000000259e+02 3.621490000000000009e+02 3.918159999999999741e+02 4.078079999999999927e+02 4.020280000000000200e+02 3.542769999999999868e+02 2.993059999999999832e+02 3.338199999999999790e+01 4.827300000000000324e+01 5.063799999999999812e+01 3.775000000000000000e+01 5.581999999999999851e+00 3.665000000000000036e+00 3.057999999999999829e+00 3.060999999999999943e+00 2.749000000000000110e+00 2.307999999999999829e+00 2.525999999999999801e+00 2.136000000000000121e+00
1.999000000000000110e+00 4.980199999999999960e+01 9.680299999999999727e+01 1.789089999999999918e+02 2.523689999999999998e+02 3.106490000000000009e+02 3.599329999999999927e+02 3.902730000000000246e+02 4.093750000000000000e+02 4.035190000000000055e+02 3.594739999999999895e+02 3.182880000000000109e+02 4.268099999999999739e+01 3.991199999999999903e+01 4.609000000000000341e+01 1.303299999999999947e+01 5.665000000000000036e+00 3.888999999999999790e+00 3.279999999999999805e+00 3.285000000000000142e+00 2.491000000000000103e+00 2.446000000000000174e+00 2.306999999999999940e+00 1.822999999999999954e+00
1.999000000000000110e+00 4.971999999999999886e+01 9.548300000000000409e+01 1.811800000000000068e+02 2.549410000000000025e+02 3.119429999999999836e+02 3.640310000000000059e+02 3.962189999999999941e+02 4.119270000000000209e+02 3.864750000000000227e+02 3.581009999999999991e+02 3.072080000000000268e+02 4.593399999999999750e+01 4.526200000000000045e+01 3.881700000000000017e+01 6.620799999999999841e+01 7.746999999999999886e+00 4.381000000000000227e+00 3.527000000000000135e+00 2.620000000000000107e+00 2.350000000000000089e+00 2.447999999999999954e+00 2.330000000000000071e+00 2.077999999999999847e+00
1.999000000000000110e+00 4.965500000000000114e+01 9.587999999999999545e+01 1.802340000000000089e+02 2.516510000000000105e+02 3.152620000000000005e+02 3.639569999999999936e+02 3.845409999999999968e+02 4.140500000000000114e+02 3.939789999999999850e+02 3.703430000000000177e+02 3.145140000000000100e+02 4.312199999999999989e+01 3.811899999999999977e+01 4.853799999999999670e+01 9.429999999999999716e+00 6.852999999999999758e+00 4.530999999999999694e+00 2.950000000000000178e+00 2.717999999999999972e+00 2.585999999999999854e+00 2.511000000000000121e+00 2.032999999999999918e+00 2.008000000000000007e+00
1.999000000000000110e+00 4.960199999999999676e+01 9.617900000000000205e+01 1.797709999999999866e+02 2.537059999999999889e+02 3.128349999999999795e+02 3.596600000000000250e+02 3.870409999999999968e+02 4.069879999999999995e+02 3.977509999999999764e+02 3.679649999999999750e+02 3.190799999999999841e+02 3.806199999999999761e+01 3.913300000000000267e+01 5.080400000000000205e+01 1.364899999999999913e+01 6.961999999999999744e+00 4.160000000000000142e+00 3.378000000000000114e+00 2.891999999999999904e+00 2.730999999999999872e+00 2.463000000000000078e+00 2.282999999999999918e+00 2.088999999999999968e+00
1.999000000000000110e+00 4.966199999999999903e+01 9.587399999999999523e+01 1.788520000000000039e+02 2.530560000000000116e+02 3.120230000000000246e+02 3.572640000000000100e+02 3.933999999999999773e+02 4.118600000000000136e+02 4.035219999999999914e+02 3.578809999999999718e+02 3.005160000000000196e+02 4.420499999999999829e+01 3.902700000000000102e+01 4.640299999999999869e+01 1.765099999999999980e+01 6.512999999999999901e+00 3.111000000000000210e+00 4.562999999999999723e+00 3.194999999999999840e+00 2.942000000000000171e+00 2.468999999999999861e+00 2.358000000000000096e+00 2.107000000000000206e+00
1.999000000000000110e+00 4.962299999999999756e+01 9.581100000000000705e+01 1.813660000000000139e+02 2.527510000000000048e+02 3.213480000000000132e+02 3.615199999999999818e+02 3.898480000000000132e+02 4.021399999999999864e+02 3.901630000000000109e+02 3.712699999999999818e+02 3.013949999999999818e+02 4.264900000000000091e+01 4.114099999999999824e+01 5.837700000000000244e+01 4.998799999999999955e+01 4.953999999999999737e+00 3.588000000000000078e+00 3.269000000000000128e+00 2.899999999999999911e+00 2.928999999999999826e+00 2.507000000000000117e+00 2.208000000000000185e+00 2.111000000000000210e+00
1.999000000000000110e+00 4.974399999999999977e+01 9.597899999999999920e+01 1.817429999999999950e+02 2.525310000000000059e+02 3.142730000000000246e+02 3.604950000000000045e+02 3.919150000000000205e+02 4.050350000000000250e+02 3.974309999999999832e+02 3.546309999999999718e+02 3.017789999999999964e+02 4.175900000000000034e+01 5.101800000000000068e+01 4.603000000000000114e+01 2.367800000000000082e+01 5.402999999999999581e+00 4.206000000000000405e+00 3.866999999999999993e+00 3.136000000000000121e+00 2.728000000000000203e+00 2.225999999999999979e+00 2.407999999999999918e+00 2.001999999999999780e+00
1.999000000000000110e+00 4.961800000000000210e+01 9.570699999999999363e+01 1.814559999999999889e+02 2.556990000000000123e+02 3.143639999999999759e+02 3.633460000000000036e+02 3.987850000000000250e+02 4.126460000000000150e+02 3.899429999999999836e+02 3.554929999999999950e+02 3.194080000000000155e+02 4.475999999999999801e+01 3.850999999999999801e+01 4.522299999999999898e+01 1.310200000000000031e+01 3.821000000000000174e+00 3.870000000000000107e+00 3.513999999999999790e+00 2.794000000000000039e+00 2.803999999999999826e+00 2.491999999999999993e+00 2.310999999999999943e+00 2.224000000000000199e+00
1.999000000000000110e+00 4.982900000000000063e+01 9.551800000000000068e+01 1.804900000000000091e+02 2.531160000000000139e+02 3.131859999999999786e+02 3.603369999999999891e+02 3.926309999999999718e+02 4.112189999999999941e+02 3.988330000000000268e+02 3.589180000000000064e+02 3.118890000000000100e+02 4.179399999999999693e+01 4.562700000000000244e+01 4.635600000000000165e+01 5.560099999999999909e+01 4.307000000000000384e+00 4.564000000000000057e+00 3.279999999999999805e+00 3.217000000000000082e+00 2.504999999999999893e+00 2.387999999999999901e+00 2.363999999999999879e+00 2.299999999999999822e+00
1.999000000000000110e+00 4.961999999999999744e+01 9.616500000000000625e+01 1.798019999999999925e+02 2.500130000000000052e+02 3.096229999999999905e+02 3.598580000000000041e+02 3.905919999999999845e+02 4.060210000000000150e+02 4.083980000000000246e+02 3.697250000000000227e+02 3.056759999999999877e+02 4.649900000000000233e+01 4.913700000000000045e+01 5.328900000000000148e+01 4.784700000000000131e+01 4.762999999999999901e+00 4.222999999999999865e+00 3.209000000000000075e+00 3.047000000000000153e+00 2.891000000000000014e+00 2.237999999999999989e+00 2.128000000000000114e+00 1.981000000000000094e+00
1.999000000000000110e+00 4.989600000000000080e+01 9.592900000000000205e+01 1.795949999999999989e+02 2.528979999999999961e+02 3.134809999999999945e+02 3.664900000000000091e+02 3.880040000000000191e+02 4.123840000000000146e+02 4.156569999999999823e+02 3.542719999999999914e+02 3.021739999999999782e+02 3.888300000000000267e+01 4.144200000000000017e+01 4.697099999999999653e+01 8.986000000000000654e+00 4.942000000000000171e+00 3.910000000000000142e+00 3.244000000000000217e+00 2.987999999999999989e+00 2.553999999999999826e+00 2.370999999999999996e+00 2.625999999999999890e+00 2.081999999999999851e+00
1.999000000000000110e+00 4.973799999999999955e+01 9.606199999999999761e+01 1.800529999999999973e+02 2.518890000000000100e+02 3.103960000000000150e+02 3.647660000000000196e+02 3.966589999999999918e+02 4.191589999999999918e+02 3.932269999999999754e+02 3.600059999999999718e+02 3.131659999999999968e+02 3.519400000000000261e+01 4.574799999999999756e+01 4.649399999999999977e+01 2.570499999999999829e+01 5.131999999999999673e+00 4.320999999999999730e+00 3.696000000000000174e+00 3.080999999999999961e+00 2.684000000000000163e+00 2.286999999999999922e+00 2.399000000000000021e+00 2.103000000000000203e+00
1.999000000000000110e+00 4.971699999999999875e+01 9.538100000000000023e+01 1.818460000000000036e+02 2.565950000000000273e+02 3.123949999999999818e+02 3.632049999999999841e+02 3.912599999999999909e+02 4.100350000000000250e+02 3.951999999999999886e+02 3.536200000000000045e+02 2.971720000000000255e+02 4.769200000000000017e+01 3.916499999999999915e+01 5.067999999999999972e+01 1.241999999999999993e+01 6.102000000000000313e+00 3.791999999999999815e+00 3.290000000000000036e+00 2.863999999999999879e+00 2.527000000000000135e+00 2.790000000000000036e+00 2.184000000000000163e+00 2.024999999999999911e+00
1.999000000000000110e+00 4.989300000000000068e+01 9.550600000000000023e+01 1.798040000000000020e+02 2.525660000000000025e+02 3.184279999999999973e+02 3.630099999999999909e+02 3.945950000000000273e+02 4.146490000000000009e+02 3.992010000000000218e+02 3.624540000000000077e+02 2.966480000000000246e+02 4.885699999999999932e+01 4.428699999999999903e+01 5.041799999999999926e+01 5.786599999999999966e+01 4.900999999999999801e+00 3.987000000000000099e+00 3.013999999999999790e+00 2.781000000000000139e+00 2.537999999999999812e+00 2.339999999999999858e+00 2.165999999999999925e+00 2.080999999999999961e+00
1.999000000000000110e+00 4.995799999999999841e+01 9.598399999999999466e+01 1.810989999999999895e+02 2.499600000000000080e+02 3.182300000000000182e+02 3.617160000000000082e+02 3.901990000000000123e+02 4.187719999999999914e+02 3.924429999999999836e+02 3.673050000000000068e+02 3.088480000000000132e+02 4.075500000000000256e+01 4.738499999999999801e+01 4.716199999999999903e+01 2.703399999999999892e+01 5.602999999999999758e+00 3.822999999999999954e+00 2.835999999999999854e+00 3.043000000000000149e+00 2.503000000000000114e+00 2.451999999999999957e+00 2.294000000000000039e+00 2.154999999999999805e+00
1.999000000000000110e+00 4.972500000000000142e+01 9.600600000000000023e+01 1.803789999999999907e+02 2.535900000000000034e+02 3.129870000000000232e+02 3.525779999999999745e+02 3.906179999999999950e+02 4.161490000000000009e+02 4.016920000000000073e+02 3.788410000000000082e+02 3.038039999999999736e+02 4.256900000000000261e+01 3.880299999999999727e+01 5.811699999999999733e+01 6.012299999999999756e+01 6.985999999999999766e+00 4.187000000000000277e+00 3.484999999999999876e+00 3.245000000000000107e+00 2.491000000000000103e+00 2.382000000000000117e+00 2.233999999999999986e+00 1.963999999999999968e+00
1.999000000000000110e+00 4.956099999999999994e+01 9.607899999999999352e+01 1.790329999999999870e+02 2.528480000000000132e+02 3.138190000000000168e+02 3.608929999999999723e+02 3.859239999999999782e+02 4.118980000000000246e+02 3.900240000000000009e+02 3.621220000000000141e+02 3.212300000000000182e+02 3.757800000000000296e+01 3.956400000000000006e+01 5.338600000000000279e+01 5.489099999999999824e+01 4.820999999999999730e+00 3.537999999999999812e+00 2.710999999999999854e+00 3.399000000000000021e+00 2.285000000000000142e+00 2.337000000000000188e+00 2.166999999999999815e+00 2.092000000000000082e+00
1.999000000000000110e+00 4.973400000000000176e+01 9.603499999999999659e+01 1.797570000000000050e+02 2.527709999999999866e+02 3.133530000000000086e+02 3.559399999999999977e+02 4.025169999999999959e+02 4.026960000000000264e+02 3.985570000000000164e+02 3.639030000000000200e+02 3.207440000000000282e+02 3.954299999999999926e+01 4.147800000000000153e+01 4.344100000000000250e+01 5.939500000000000313e+01 5.041999999999999815e+00 3.842999999999999972e+00 3.362000000000000099e+00 2.846000000000000085e+00 2.616000000000000103e+00 2.552999999999999936e+00 2.464999999999999858e+00 1.893999999999999906e+00
1.999000000000000110e+00 4.987800000000000011e+01 9.574599999999999511e+01 1.797340000000000089e+02 2.545120000000000005e+02 3.151820000000000164e+02 3.606150000000000091e+02 3.984119999999999777e+02 4.125740000000000123e+02 4.020819999999999936e+02 3.552559999999999718e+02 3.151320000000000050e+02 4.026500000000000057e+01 5.434300000000000352e+01 4.075399999999999778e+01 1.984799999999999898e+01 4.560999999999999943e+00 3.908999999999999808e+00 3.575000000000000178e+00 3.200000000000000178e+00 2.842999999999999972e+00 2.217999999999999972e+00 2.611000000000000210e+00 1.953999999999999959e+00
1.999000000000000110e+00 4.978999999999999915e+01 9.587900000000000489e+01 1.784099999999999966e+02 2.548679999999999950e+02 3.103929999999999723e+02 3.583220000000000027e+02 3.927389999999999759e+02 4.092019999999999982e+02 3.986170000000000186e+02 3.468460000000000036e+02 3.072099999999999795e+02 4.104200000000000159e+01 3.430499999999999972e+01 4.357000000000000028e+01 1.803900000000000148e+01 6.713000000000000078e+00 3.431000000000000050e+00 3.100000000000000089e+00 3.084999999999999964e+00 2.817000000000000171e+00 2.492999999999999883e+00 2.209999999999999964e+00 2.064999999999999947e+00
1.999000000000000110e+00 4.972599999999999909e+01 9.582399999999999807e+01 1.792489999999999952e+02 2.532810000000000059e+02 3.154309999999999832e+02 3.600939999999999941e+02 3.988140000000000214e+02 4.084470000000000027e+02 3.959080000000000155e+02 3.684719999999999800e+02 3.111720000000000255e+02 4.548400000000000176e+01 3.859400000000000119e+01 5.124099999999999966e+01 1.222300000000000075e+01 5.272000000000000242e+00 3.579000000000000181e+00 2.851999999999999869e+00 2.620999999999999996e+00 2.349000000000000199e+00 2.592999999999999972e+00 2.190999999999999837e+00 2.205000000000000071e+00
1.999000000000000110e+00 4.970300000000000296e+01 9.606999999999999318e+01 1.800610000000000070e+02 2.528930000000000007e+02 3.147339999999999804e+02 3.611859999999999786e+02 3.994139999999999873e+02 4.066290000000000191e+02 3.968340000000000032e+02 3.579150000000000205e+02 2.971089999999999804e+02 3.843299999999999983e+01 3.984100000000000108e+01 3.881000000000000227e+01 6.816100000000000136e+01 4.895999999999999908e+00 4.530999999999999694e+00 3.613999999999999879e+00 2.690999999999999837e+00 2.725000000000000089e+00 2.444999999999999840e+00 2.290000000000000036e+00 2.108999999999999986e+00
