1.999000000000000110e+00 4.968800000000000239e+01 9.494700000000000273e+01 1.781330000000000098e+02 2.470560000000000116e+02 2.959100000000000250e+02 2.801800000000000068e+02 3.277189999999999941e+02 3.949830000000000041e+02 4.125609999999999786e+02 4.425099999999999909e+02 4.505319999999999823e+02 4.762699999999999818e+02 4.687789999999999964e+02 5.133220000000000027e+02 4.968550000000000182e+02 5.396359999999999673e+02 5.636390000000000100e+02 4.982320000000000277e+02 4.928140000000000214e+02 5.365000000000000000e+02 4.015699999999999932e+02 3.692269999999999754e+02 6.719999999999999751e+00
1.999000000000000110e+00 4.982800000000000296e+01 9.565600000000000591e+01 1.775459999999999923e+02 2.435540000000000020e+02 2.913129999999999882e+02 2.753229999999999791e+02 3.297549999999999955e+02 3.749510000000000218e+02 4.252339999999999804e+02 4.413530000000000086e+02 4.601080000000000041e+02 4.789200000000000159e+02 4.718609999999999900e+02 4.991680000000000064e+02 4.942250000000000227e+02 5.940040000000000191e+02 5.322400000000000091e+02 5.322350000000000136e+02 5.111730000000000018e+02 4.272620000000000005e+02 4.082210000000000036e+02 9.609999999999999432e+00 5.719999999999999751e+00
1.999000000000000110e+00 4.975900000000000034e+01 9.544599999999999795e+01 1.785500000000000114e+02 2.461320000000000050e+02 2.865430000000000064e+02 2.800740000000000123e+02 3.350690000000000168e+02 3.656709999999999923e+02 4.175880000000000223e+02 4.282099999999999795e+02 4.686480000000000246e+02 4.932280000000000086e+02 5.019180000000000064e+02 4.941789999999999736e+02 5.155489999999999782e+02 5.256330000000000382e+02 5.119510000000000218e+02 5.062599999999999909e+02 4.974119999999999777e+02 4.184259999999999877e+02 2.637110000000000127e+02 1.511620000000000061e+02 6.179999999999999716e+00
1.999000000000000110e+00 4.968599999999999994e+01 9.584099999999999397e+01 1.773609999999999900e+02 2.431649999999999920e+02 2.913899999999999864e+02 2.908849999999999909e+02 3.299350000000000023e+02 3.652330000000000041e+02 4.036290000000000191e+02 4.639889999999999759e+02 4.597970000000000255e+02 4.976329999999999814e+02 5.135040000000000191e+02 5.109069999999999823e+02 5.407590000000000146e+02 4.948670000000000186e+02 5.502440000000000282e+02 5.182309999999999945e+02 4.731960000000000264e+02 5.065129999999999768e+02 4.680799999999999841e+02 2.584350000000000023e+02 6.139000000000000234e+00
1.999000000000000110e+00 4.961999999999999744e+01 9.537199999999999989e+01 1.779819999999999993e+02 2.442270000000000039e+02 2.934680000000000177e+02 3.037869999999999777e+02 3.310590000000000259e+02 3.908980000000000246e+02 4.298650000000000091e+02 4.438860000000000241e+02 4.764769999999999754e+02 4.919630000000000223e+02 4.862939999999999827e+02 5.108849999999999909e+02 5.242190000000000509e+02 5.552970000000000255e+02 5.259969999999999573e+02 4.748570000000000277e+02 4.743269999999999982e+02 4.610729999999999791e+02 3.738890000000000100e+02 5.296999999999999709e+00 6.070999999999999730e+00
1.999000000000000110e+00 4.967699999999999960e+01 9.510599999999999454e+01 1.773389999999999986e+02 2.457800000000000011e+02 2.827819999999999823e+02 2.955690000000000168e+02 3.303919999999999959e+02 3.850409999999999968e+02 4.250520000000000209e+02 4.564730000000000132e+02 4.603340000000000032e+02 4.798330000000000268e+02 4.831159999999999854e+02 5.181470000000000482e+02 5.155140000000000100e+02 5.153390000000000555e+02 5.555769999999999982e+02 4.695040000000000191e+02 5.279569999999999936e+02 4.576220000000000141e+02 4.462239999999999895e+02 2.775219999999999914e+02 7.602999999999999758e+00
1.999000000000000110e+00 4.983800000000000097e+01 9.507099999999999795e+01 1.776589999999999918e+02 2.466080000000000041e+02 2.890769999999999982e+02 2.927549999999999955e+02 3.491440000000000055e+02 3.840779999999999745e+02 4.116659999999999968e+02 4.464809999999999945e+02 4.540210000000000150e+02 4.656039999999999850e+02 4.649929999999999950e+02 4.922959999999999923e+02 5.624819999999999709e+02 5.331699999999999591e+02 5.111580000000000155e+02 5.280710000000000264e+02 4.603550000000000182e+02 4.864420000000000073e+02 3.863870000000000005e+02 3.004710000000000036e+02 6.525999999999999801e+00
1.999000000000000110e+00 4.966700000000000159e+01 9.567199999999999704e+01 1.786800000000000068e+02 2.480440000000000111e+02 2.933519999999999754e+02 2.842330000000000041e+02 3.238670000000000186e+02 3.919590000000000032e+02 4.090720000000000027e+02 4.476159999999999854e+02 4.600720000000000027e+02 4.745059999999999718e+02 5.109039999999999964e+02 5.025299999999999727e+02 5.412849999999999682e+02 4.851299999999999955e+02 4.860269999999999868e+02 4.623709999999999809e+02 5.578849999999999909e+02 5.163669999999999618e+02 3.884270000000000209e+02 2.364569999999999936e+02 6.245000000000000107e+00
1.999000000000000110e+00 4.966299999999999670e+01 9.593200000000000216e+01 1.793919999999999959e+02 2.496899999999999977e+02 2.944979999999999905e+02 2.877359999999999900e+02 3.280529999999999973e+02 3.557500000000000000e+02 4.028929999999999723e+02 4.605980000000000132e+02 4.604200000000000159e+02 5.016370000000000005e+02 4.571379999999999768e+02 5.125700000000000500e+02 4.920280000000000200e+02 5.234539999999999509e+02 5.258129999999999882e+02 5.109599999999999795e+02 5.102400000000000091e+02 4.594649999999999750e+02 4.049359999999999786e+02 3.874719999999999800e+02 5.722000000000000419e+00
1.999000000000000110e+00 4.946699999999999875e+01 9.609399999999999409e+01 1.785939999999999941e+02 2.480569999999999879e+02 2.835989999999999895e+02 2.946039999999999850e+02 3.128260000000000218e+02 3.794780000000000086e+02 4.221070000000000277e+02 4.595520000000000209e+02 4.661899999999999977e+02 4.737819999999999823e+02 4.841499999999999773e+02 4.926569999999999823e+02 5.172279999999999518e+02 5.248440000000000509e+02 4.868799999999999955e+02 5.047980000000000018e+02 4.842210000000000036e+02 4.900889999999999986e+02 3.896080000000000041e+02 4.037690000000000055e+02 6.833000000000000185e+00
1.999000000000000110e+00 4.991899999999999693e+01 9.549399999999999977e+01 1.789329999999999927e+02 2.462560000000000002e+02 2.982239999999999895e+02 2.860330000000000155e+02 3.168439999999999941e+02 3.675690000000000168e+02 4.177389999999999759e+02 4.581070000000000277e+02 4.876429999999999723e+02 4.955710000000000264e+02 4.898229999999999791e+02 5.145869999999999891e+02 5.388339999999999463e+02 5.109879999999999995e+02 4.964169999999999732e+02 5.288930000000000291e+02 5.341630000000000109e+02 4.486639999999999873e+02 3.579649999999999750e+02 3.831650000000000205e+02 6.578999999999999737e+00
1.999000000000000110e+00 4.970100000000000051e+01 9.552200000000000557e+01 1.770649999999999977e+02 2.498180000000000121e+02 2.889460000000000264e+02 2.927049999999999841e+02 3.253120000000000118e+02 3.898559999999999945e+02 4.128860000000000241e+02 4.536129999999999995e+02 4.609420000000000073e+02 4.823199999999999932e+02 4.694159999999999968e+02 4.796619999999999777e+02 5.434479999999999791e+02 5.329470000000000027e+02 5.038260000000000218e+02 5.014599999999999795e+02 4.760679999999999836e+02 4.344060000000000059e+02 3.950090000000000146e+02 9.038000000000000256e+00 2.732719999999999914e+02
1.999000000000000110e+00 4.957900000000000063e+01 9.568999999999999773e+01 1.795430000000000064e+02 2.464319999999999879e+02 2.968949999999999818e+02 2.756370000000000005e+02 3.380899999999999750e+02 3.996329999999999814e+02 4.166290000000000191e+02 4.374759999999999991e+02 4.533729999999999905e+02 4.624309999999999832e+02 5.078899999999999864e+02 5.003380000000000223e+02 5.153269999999999982e+02 5.000140000000000100e+02 5.350510000000000446e+02 5.134379999999999882e+02 5.402609999999999673e+02 4.708439999999999941e+02 4.544569999999999936e+02 8.291999999999999815e+00 5.948999999999999844e+00
1.999000000000000110e+00 4.969599999999999795e+01 9.576800000000000068e+01 1.783629999999999995e+02 2.468770000000000095e+02 2.973059999999999832e+02 2.804200000000000159e+02 3.370249999999999773e+02 3.811200000000000045e+02 4.157400000000000091e+02 4.051080000000000041e+02 4.607099999999999795e+02 5.192160000000000082e+02 5.330380000000000109e+02 4.743229999999999791e+02 5.478869999999999436e+02 5.240069999999999482e+02 5.589249999999999545e+02 4.815040000000000191e+02 5.670499999999999545e+02 5.260929999999999609e+02 4.346519999999999868e+02 2.738170000000000073e+02 5.065000000000000391e+00
1.999000000000000110e+00 4.978399999999999892e+01 9.576300000000000523e+01 1.772870000000000061e+02 2.483770000000000095e+02 2.856499999999999773e+02 2.774100000000000250e+02 3.320649999999999977e+02 3.846949999999999932e+02 4.275930000000000177e+02 4.451800000000000068e+02 4.751059999999999945e+02 4.916510000000000105e+02 4.993790000000000191e+02 4.864440000000000168e+02 5.504180000000000064e+02 5.247390000000000327e+02 5.350040000000000191e+02 5.083820000000000050e+02 5.372799999999999727e+02 4.830369999999999777e+02 4.328299999999999841e+02 4.233860000000000241e+02 7.155000000000000249e+00
1.999000000000000110e+00 4.976700000000000301e+01 9.605400000000000205e+01 1.781529999999999916e+02 2.472760000000000105e+02 2.939730000000000132e+02 2.949639999999999986e+02 3.273679999999999950e+02 3.890679999999999836e+02 3.731410000000000196e+02 4.465140000000000100e+02 4.566390000000000100e+02 4.655679999999999836e+02 4.647269999999999754e+02 5.025120000000000005e+02 5.226040000000000418e+02 5.446250000000000000e+02 5.681280000000000427e+02 5.213210000000000264e+02 4.848929999999999723e+02 5.421319999999999482e+02 4.748750000000000000e+02 3.270500000000000114e+02 4.937000000000000277e+00
1.999000000000000110e+00 4.968699999999999761e+01 9.595000000000000284e+01 1.781630000000000109e+02 2.485089999999999861e+02 2.957379999999999995e+02 2.809680000000000177e+02 3.380910000000000082e+02 3.701630000000000109e+02 4.154549999999999841e+02 4.408489999999999895e+02 4.740110000000000241e+02 4.870480000000000018e+02 4.996059999999999945e+02 5.050169999999999959e+02 5.116279999999999859e+02 5.173809999999999718e+02 5.311829999999999927e+02 5.520779999999999745e+02 4.627799999999999727e+02 4.572749999999999773e+02 4.913319999999999936e+02 4.195339999999999918e+02 5.421000000000000263e+00
1.999000000000000110e+00 4.970199999999999818e+01 9.573600000000000421e+01 1.779259999999999877e+02 2.447059999999999889e+02 2.890980000000000132e+02 2.793179999999999836e+02 3.340500000000000114e+02 3.902699999999999818e+02 4.041920000000000073e+02 4.195400000000000205e+02 4.423639999999999759e+02 4.787970000000000255e+02 4.968240000000000123e+02 4.991979999999999791e+02 5.540460000000000491e+02 5.027590000000000146e+02 5.491580000000000155e+02 4.823500000000000227e+02 4.876129999999999995e+02 5.125180000000000291e+02 4.346190000000000282e+02 3.044569999999999936e+02 4.987000000000000099e+00
1.999000000000000110e+00 4.971200000000000330e+01 9.571699999999999875e+01 1.800409999999999968e+02 2.474590000000000032e+02 2.942350000000000136e+02 2.852789999999999964e+02 3.326510000000000105e+02 3.769710000000000036e+02 3.952040000000000077e+02 4.538279999999999745e+02 4.563820000000000050e+02 4.867749999999999773e+02 4.876019999999999754e+02 5.039950000000000045e+02 5.161470000000000482e+02 5.370170000000000528e+02 5.430810000000000173e+02 5.347089999999999463e+02 4.680049999999999955e+02 4.570160000000000196e+02 4.007780000000000200e+02 1.018299999999999983e+01 5.980000000000000426e+00
1.999000000000000110e+00 4.976700000000000301e+01 9.565600000000000591e+01 1.785099999999999909e+02 2.444919999999999902e+02 2.916299999999999955e+02 2.926530000000000200e+02 3.352309999999999945e+02 3.796739999999999782e+02 4.219039999999999964e+02 4.639929999999999950e+02 4.590400000000000205e+02 4.575579999999999927e+02 4.888550000000000182e+02 5.209400000000000546e+02 5.085439999999999827e+02 5.136710000000000491e+02 5.656050000000000182e+02 5.137749999999999773e+02 5.090930000000000177e+02 4.623980000000000246e+02 4.578299999999999841e+02 9.622999999999999332e+00 5.533999999999999808e+00
1.999000000000000110e+00 4.971999999999999886e+01 9.563899999999999579e+01 1.786469999999999914e+02 2.473689999999999998e+02 2.869950000000000045e+02 2.892420000000000186e+02 3.421360000000000241e+02 3.738220000000000027e+02 4.224309999999999832e+02 4.453539999999999850e+02 4.521920000000000073e+02 4.549719999999999800e+02 4.774209999999999923e+02 5.132849999999999682e+02 5.096879999999999882e+02 5.030339999999999918e+02 5.539059999999999491e+02 5.226870000000000118e+02 4.676999999999999886e+02 4.598410000000000082e+02 3.730609999999999786e+02 8.263999999999999346e+00 5.591999999999999638e+00
1.999000000000000110e+00 4.970799999999999841e+01 9.533899999999999864e+01 1.784869999999999948e+02 2.442980000000000018e+02 2.998229999999999791e+02 2.796109999999999900e+02 3.216659999999999968e+02 3.738020000000000209e+02 4.258140000000000214e+02 4.598399999999999750e+02 4.712980000000000018e+02 4.899150000000000205e+02 4.921449999999999818e+02 5.155779999999999745e+02 5.323740000000000236e+02 5.187140000000000555e+02 5.283790000000000191e+02 4.949209999999999923e+02 5.266000000000000227e+02 4.429959999999999809e+02 4.242860000000000014e+02 3.506999999999999886e+02 5.251000000000000334e+00
1.999000000000000110e+00 4.960300000000000153e+01 9.537099999999999511e+01 1.783679999999999950e+02 2.472439999999999998e+02 2.846290000000000191e+02 2.879139999999999873e+02 3.415779999999999745e+02 3.930280000000000200e+02 4.200160000000000196e+02 4.734519999999999982e+02 4.523779999999999859e+02 4.651739999999999782e+02 4.610480000000000018e+02 4.988399999999999750e+02 5.384790000000000418e+02 5.546359999999999673e+02 5.182290000000000418e+02 4.923530000000000086e+02 4.774510000000000218e+02 5.198289999999999509e+02 4.582350000000000136e+02 2.787970000000000255e+02 1.954579999999999984e+02
1.999000000000000110e+00 4.984499999999999886e+01 9.564600000000000080e+01 1.786100000000000136e+02 2.467630000000000052e+02 2.906809999999999832e+02 2.767740000000000009e+02 3.354180000000000064e+02 3.804100000000000250e+02 4.133220000000000027e+02 4.270330000000000155e+02 4.695020000000000095e+02 4.818389999999999986e+02 5.134109999999999445e+02 4.926240000000000236e+02 5.081419999999999959e+02 5.202380000000000564e+02 5.415460000000000491e+02 5.094990000000000236e+02 4.964139999999999873e+02 4.619159999999999968e+02 3.656940000000000168e+02 3.606770000000000209e+02 8.320999999999999730e+00
1.999000000000000110e+00 4.975900000000000034e+01 9.556799999999999784e+01 1.782479999999999905e+02 2.452379999999999995e+02 2.950980000000000132e+02 2.773960000000000150e+02 3.340600000000000023e+02 3.837599999999999909e+02 4.007919999999999732e+02 4.551720000000000255e+02 4.460389999999999873e+02 4.582669999999999959e+02 4.861209999999999809e+02 4.801610000000000014e+02 4.990989999999999895e+02 5.181649999999999636e+02 5.661929999999999836e+02 4.901779999999999973e+02 4.388770000000000095e+02 4.160960000000000036e+02 4.627549999999999955e+02 3.191449999999999818e+02 7.203000000000000291e+00
