1.999000000000000110e+00 4.978699999999999903e+01 9.609499999999999886e+01 1.802220000000000084e+02 2.525360000000000014e+02 3.093820000000000050e+02 3.583509999999999991e+02 3.914470000000000027e+02 4.085960000000000036e+02 3.838179999999999836e+02 3.525489999999999782e+02 2.850640000000000214e+02 7.076999999999999957e+00 3.013999999999999790e+00 2.512999999999999901e+00 2.168000000000000149e+00 1.877999999999999892e+00 1.752000000000000002e+00 1.657999999999999918e+00 1.592999999999999972e+00 1.508999999999999897e+00 1.469000000000000083e+00 1.441999999999999948e+00 1.358000000000000096e+00
1.999000000000000110e+00 4.972099999999999653e+01 9.619799999999999329e+01 1.817210000000000036e+02 2.536639999999999873e+02 3.104429999999999836e+02 3.586619999999999777e+02 3.912400000000000091e+02 3.999320000000000164e+02 3.979929999999999950e+02 3.497719999999999914e+02 2.987799999999999727e+02 6.652000000000000135e+00 3.229000000000000092e+00 2.611000000000000210e+00 2.112999999999999989e+00 1.957000000000000073e+00 1.792999999999999927e+00 1.703999999999999959e+00 1.534999999999999920e+00 1.502000000000000002e+00 1.447999999999999954e+00 1.451999999999999957e+00 1.391000000000000014e+00
1.999000000000000110e+00 4.978799999999999670e+01 9.560299999999999443e+01 1.804530000000000030e+02 2.529089999999999918e+02 3.136659999999999968e+02 3.619809999999999945e+02 3.952740000000000009e+02 4.039879999999999995e+02 3.942119999999999891e+02 3.400269999999999868e+02 2.916850000000000023e+02 6.431000000000000050e+00 3.399000000000000021e+00 2.664000000000000146e+00 2.255999999999999783e+00 1.917000000000000037e+00 1.806000000000000050e+00 1.637000000000000011e+00 1.514000000000000012e+00 1.481999999999999984e+00 1.479000000000000092e+00 1.421999999999999931e+00 1.411000000000000032e+00
1.999000000000000110e+00 4.957399999999999807e+01 9.553199999999999648e+01 1.788530000000000086e+02 2.541200000000000045e+02 3.133170000000000073e+02 3.630910000000000082e+02 3.904359999999999786e+02 3.964979999999999905e+02 3.972719999999999914e+02 3.510099999999999909e+02 2.929590000000000032e+02 7.216000000000000192e+00 3.254999999999999893e+00 2.745000000000000107e+00 2.161000000000000032e+00 1.862999999999999989e+00 1.768000000000000016e+00 1.606000000000000094e+00 1.622000000000000108e+00 1.506000000000000005e+00 1.409999999999999920e+00 1.405000000000000027e+00 1.356999999999999984e+00
1.999000000000000110e+00 4.961699999999999733e+01 9.586599999999999966e+01 1.813360000000000127e+02 2.534300000000000068e+02 3.148290000000000077e+02 3.596410000000000196e+02 3.886370000000000005e+02 4.045529999999999973e+02 4.048879999999999768e+02 3.430579999999999927e+02 3.034549999999999841e+02 6.977000000000000313e+00 3.099000000000000199e+00 2.616000000000000103e+00 2.063000000000000167e+00 1.866000000000000103e+00 1.760999999999999899e+00 1.602999999999999980e+00 1.548999999999999932e+00 1.534000000000000030e+00 1.487999999999999989e+00 1.459000000000000075e+00 1.399999999999999911e+00
1.999000000000000110e+00 4.971099999999999852e+01 9.595000000000000284e+01 1.803350000000000080e+02 2.525560000000000116e+02 3.125600000000000023e+02 3.616549999999999727e+02 3.997080000000000268e+02 4.172280000000000086e+02 3.926410000000000196e+02 3.360570000000000164e+02 2.991970000000000027e+02 6.641000000000000014e+00 3.084000000000000075e+00 2.428999999999999826e+00 2.204000000000000181e+00 1.899000000000000021e+00 1.729999999999999982e+00 1.679999999999999938e+00 1.578000000000000069e+00 1.449000000000000066e+00 1.467000000000000082e+00 1.405999999999999917e+00 1.421000000000000041e+00
1.999000000000000110e+00 4.972500000000000142e+01 9.573300000000000409e+01 1.797789999999999964e+02 2.524209999999999923e+02 3.123639999999999759e+02 3.644379999999999882e+02 4.028229999999999791e+02 3.986689999999999827e+02 3.903960000000000150e+02 3.434119999999999777e+02 3.036200000000000045e+02 6.567000000000000171e+00 3.083000000000000185e+00 2.619000000000000217e+00 2.129000000000000004e+00 1.858000000000000096e+00 1.780000000000000027e+00 1.758999999999999897e+00 1.564999999999999947e+00 1.493999999999999995e+00 1.417000000000000037e+00 1.417000000000000037e+00 1.377000000000000002e+00
1.999000000000000110e+00 4.980499999999999972e+01 9.583100000000000307e+01 1.805010000000000048e+02 2.523789999999999907e+02 3.130400000000000205e+02 3.536580000000000155e+02 3.915520000000000209e+02 4.104689999999999941e+02 3.889929999999999950e+02 3.506789999999999736e+02 2.905049999999999955e+02 8.089000000000000412e+00 3.178999999999999826e+00 2.733000000000000096e+00 2.108000000000000096e+00 1.856000000000000094e+00 1.784999999999999920e+00 1.633000000000000007e+00 1.544000000000000039e+00 1.520000000000000018e+00 1.441999999999999948e+00 1.415000000000000036e+00 1.364999999999999991e+00
1.999000000000000110e+00 4.969700000000000273e+01 9.586799999999999500e+01 1.802019999999999982e+02 2.500869999999999891e+02 3.131170000000000186e+02 3.577019999999999982e+02 3.886800000000000068e+02 4.085319999999999823e+02 3.901120000000000232e+02 3.468709999999999809e+02 2.941250000000000000e+02 6.841000000000000192e+00 3.470000000000000195e+00 2.584999999999999964e+00 2.084999999999999964e+00 1.913000000000000034e+00 1.679999999999999938e+00 1.610999999999999988e+00 1.572000000000000064e+00 1.552000000000000046e+00 1.457000000000000073e+00 1.431999999999999940e+00 1.393999999999999906e+00
1.999000000000000110e+00 4.954099999999999682e+01 9.606999999999999318e+01 1.803300000000000125e+02 2.538439999999999941e+02 3.155369999999999777e+02 3.621039999999999850e+02 3.990609999999999786e+02 3.982429999999999950e+02 3.964429999999999836e+02 3.500299999999999727e+02 3.043199999999999932e+02 7.310999999999999943e+00 3.302000000000000046e+00 2.601999999999999869e+00 2.123000000000000220e+00 1.836000000000000076e+00 1.816999999999999948e+00 1.610999999999999988e+00 1.596000000000000085e+00 1.512000000000000011e+00 1.506000000000000005e+00 1.463000000000000078e+00 1.413999999999999924e+00
