2.000000000000000000e+00 5.100000000000000000e+01 1.010000000000000000e+02 2.010000000000000000e+02 3.010000000000000000e+02 4.010000000000000000e+02 5.010000000000000000e+02 6.010000000000000000e+02 7.010000000000000000e+02 8.010000000000000000e+02 9.010000000000000000e+02 9.510000000000000000e+02 1.001000000000000000e+03 1.051000000000000000e+03 1.101000000000000000e+03 1.201000000000000000e+03 1.301000000000000000e+03 1.401000000000000000e+03 1.501000000000000000e+03 1.601000000000000000e+03 1.701000000000000000e+03 1.801000000000000000e+03 1.901000000000000000e+03 2.001000000000000000e+03
2.000000000000000000e+00 5.100000000000000000e+01 1.010000000000000000e+02 2.010000000000000000e+02 3.010000000000000000e+02 4.010000000000000000e+02 5.010000000000000000e+02 6.010000000000000000e+02 7.010000000000000000e+02 8.010000000000000000e+02 9.010000000000000000e+02 9.510000000000000000e+02 1.001000000000000000e+03 1.051000000000000000e+03 1.101000000000000000e+03 1.201000000000000000e+03 1.301000000000000000e+03 1.401000000000000000e+03 1.501000000000000000e+03 1.601000000000000000e+03 1.701000000000000000e+03 1.801000000000000000e+03 1.901000000000000000e+03 2.001000000000000000e+03
2.000000000000000000e+00 5.100000000000000000e+01 1.010000000000000000e+02 2.010000000000000000e+02 3.010000000000000000e+02 4.010000000000000000e+02 5.010000000000000000e+02 6.010000000000000000e+02 7.010000000000000000e+02 8.010000000000000000e+02 9.010000000000000000e+02 9.510000000000000000e+02 1.001000000000000000e+03 1.051000000000000000e+03 1.101000000000000000e+03 1.201000000000000000e+03 1.301000000000000000e+03 1.401000000000000000e+03 1.501000000000000000e+03 1.601000000000000000e+03 1.701000000000000000e+03 1.801000000000000000e+03 1.901000000000000000e+03 2.001000000000000000e+03
2.000000000000000000e+00 5.100000000000000000e+01 1.010000000000000000e+02 2.010000000000000000e+02 3.010000000000000000e+02 4.010000000000000000e+02 5.010000000000000000e+02 6.010000000000000000e+02 7.010000000000000000e+02 8.010000000000000000e+02 9.010000000000000000e+02 9.510000000000000000e+02 1.001000000000000000e+03 1.051000000000000000e+03 1.101000000000000000e+03 1.201000000000000000e+03 1.301000000000000000e+03 1.401000000000000000e+03 1.501000000000000000e+03 1.601000000000000000e+03 1.701000000000000000e+03 1.801000000000000000e+03 1.901000000000000000e+03 2.001000000000000000e+03
2.000000000000000000e+00 5.100000000000000000e+01 1.010000000000000000e+02 2.010000000000000000e+02 3.010000000000000000e+02 4.010000000000000000e+02 5.010000000000000000e+02 6.010000000000000000e+02 7.010000000000000000e+02 8.010000000000000000e+02 9.010000000000000000e+02 9.510000000000000000e+02 1.001000000000000000e+03 1.051000000000000000e+03 1.101000000000000000e+03 1.201000000000000000e+03 1.301000000000000000e+03 1.401000000000000000e+03 1.501000000000000000e+03 1.601000000000000000e+03 1.701000000000000000e+03 1.801000000000000000e+03 1.901000000000000000e+03 2.001000000000000000e+03
2.000000000000000000e+00 5.100000000000000000e+01 1.010000000000000000e+02 2.010000000000000000e+02 3.010000000000000000e+02 4.010000000000000000e+02 5.010000000000000000e+02 6.010000000000000000e+02 7.010000000000000000e+02 8.010000000000000000e+02 9.010000000000000000e+02 9.510000000000000000e+02 1.001000000000000000e+03 1.051000000000000000e+03 1.101000000000000000e+03 1.201000000000000000e+03 1.301000000000000000e+03 1.401000000000000000e+03 1.501000000000000000e+03 1.601000000000000000e+03 1.701000000000000000e+03 1.801000000000000000e+03 1.901000000000000000e+03 2.001000000000000000e+03
2.000000000000000000e+00 5.100000000000000000e+01 1.010000000000000000e+02 2.010000000000000000e+02 3.010000000000000000e+02 4.010000000000000000e+02 5.010000000000000000e+02 6.010000000000000000e+02 7.010000000000000000e+02 8.010000000000000000e+02 9.010000000000000000e+02 9.510000000000000000e+02 1.001000000000000000e+03 1.051000000000000000e+03 1.101000000000000000e+03 1.201000000000000000e+03 1.301000000000000000e+03 1.401000000000000000e+03 1.501000000000000000e+03 1.601000000000000000e+03 1.701000000000000000e+03 1.801000000000000000e+03 1.901000000000000000e+03 2.001000000000000000e+03
2.000000000000000000e+00 5.100000000000000000e+01 1.010000000000000000e+02 2.010000000000000000e+02 3.010000000000000000e+02 4.010000000000000000e+02 5.010000000000000000e+02 6.010000000000000000e+02 7.010000000000000000e+02 8.010000000000000000e+02 9.010000000000000000e+02 9.510000000000000000e+02 1.001000000000000000e+03 1.051000000000000000e+03 1.101000000000000000e+03 1.201000000000000000e+03 1.301000000000000000e+03 1.401000000000000000e+03 1.501000000000000000e+03 1.601000000000000000e+03 1.701000000000000000e+03 1.801000000000000000e+03 1.901000000000000000e+03 2.001000000000000000e+03
2.000000000000000000e+00 5.100000000000000000e+01 1.010000000000000000e+02 2.010000000000000000e+02 3.010000000000000000e+02 4.010000000000000000e+02 5.010000000000000000e+02 6.010000000000000000e+02 7.010000000000000000e+02 8.010000000000000000e+02 9.010000000000000000e+02 9.510000000000000000e+02 1.001000000000000000e+03 1.051000000000000000e+03 1.101000000000000000e+03 1.201000000000000000e+03 1.301000000000000000e+03 1.401000000000000000e+03 1.501000000000000000e+03 1.601000000000000000e+03 1.701000000000000000e+03 1.801000000000000000e+03 1.901000000000000000e+03 2.001000000000000000e+03
2.000000000000000000e+00 5.100000000000000000e+01 1.010000000000000000e+02 2.010000000000000000e+02 3.010000000000000000e+02 4.010000000000000000e+02 5.010000000000000000e+02 6.010000000000000000e+02 7.010000000000000000e+02 8.010000000000000000e+02 9.010000000000000000e+02 9.510000000000000000e+02 1.001000000000000000e+03 1.051000000000000000e+03 1.101000000000000000e+03 1.201000000000000000e+03 1.301000000000000000e+03 1.401000000000000000e+03 1.501000000000000000e+03 1.601000000000000000e+03 1.701000000000000000e+03 1.801000000000000000e+03 1.901000000000000000e+03 2.001000000000000000e+03
2.000000000000000000e+00 5.100000000000000000e+01 1.010000000000000000e+02 2.010000000000000000e+02 3.010000000000000000e+02 4.010000000000000000e+02 5.010000000000000000e+02 6.010000000000000000e+02 7.010000000000000000e+02 8.010000000000000000e+02 9.010000000000000000e+02 9.510000000000000000e+02 1.001000000000000000e+03 1.051000000000000000e+03 1.101000000000000000e+03 1.201000000000000000e+03 1.301000000000000000e+03 1.401000000000000000e+03 1.501000000000000000e+03 1.601000000000000000e+03 1.701000000000000000e+03 1.801000000000000000e+03 1.901000000000000000e+03 2.001000000000000000e+03
2.000000000000000000e+00 5.100000000000000000e+01 1.010000000000000000e+02 2.010000000000000000e+02 3.010000000000000000e+02 4.010000000000000000e+02 5.010000000000000000e+02 6.010000000000000000e+02 7.010000000000000000e+02 8.010000000000000000e+02 9.010000000000000000e+02 9.510000000000000000e+02 1.001000000000000000e+03 1.051000000000000000e+03 1.101000000000000000e+03 1.201000000000000000e+03 1.301000000000000000e+03 1.401000000000000000e+03 1.501000000000000000e+03 1.601000000000000000e+03 1.701000000000000000e+03 1.801000000000000000e+03 1.901000000000000000e+03 2.001000000000000000e+03
2.000000000000000000e+00 5.100000000000000000e+01 1.010000000000000000e+02 2.010000000000000000e+02 3.010000000000000000e+02 4.010000000000000000e+02 5.010000000000000000e+02 6.010000000000000000e+02 7.010000000000000000e+02 8.010000000000000000e+02 9.010000000000000000e+02 9.510000000000000000e+02 1.001000000000000000e+03 1.051000000000000000e+03 1.101000000000000000e+03 1.201000000000000000e+03 1.301000000000000000e+03 1.401000000000000000e+03 1.501000000000000000e+03 1.601000000000000000e+03 1.701000000000000000e+03 1.801000000000000000e+03 1.901000000000000000e+03 2.001000000000000000e+03
2.000000000000000000e+00 5.100000000000000000e+01 1.010000000000000000e+02 2.010000000000000000e+02 3.010000000000000000e+02 4.010000000000000000e+02 5.010000000000000000e+02 6.010000000000000000e+02 7.010000000000000000e+02 8.010000000000000000e+02 9.010000000000000000e+02 9.510000000000000000e+02 1.001000000000000000e+03 1.051000000000000000e+03 1.101000000000000000e+03 1.201000000000000000e+03 1.301000000000000000e+03 1.401000000000000000e+03 1.501000000000000000e+03 1.601000000000000000e+03 1.701000000000000000e+03 1.801000000000000000e+03 1.901000000000000000e+03 2.001000000000000000e+03
2.000000000000000000e+00 5.100000000000000000e+01 1.010000000000000000e+02 2.010000000000000000e+02 3.010000000000000000e+02 4.010000000000000000e+02 5.010000000000000000e+02 6.010000000000000000e+02 7.010000000000000000e+02 8.010000000000000000e+02 9.010000000000000000e+02 9.510000000000000000e+02 1.001000000000000000e+03 1.051000000000000000e+03 1.101000000000000000e+03 1.201000000000000000e+03 1.301000000000000000e+03 1.401000000000000000e+03 1.501000000000000000e+03 1.601000000000000000e+03 1.701000000000000000e+03 1.801000000000000000e+03 1.901000000000000000e+03 2.001000000000000000e+03
2.000000000000000000e+00 5.100000000000000000e+01 1.010000000000000000e+02 2.010000000000000000e+02 3.010000000000000000e+02 4.010000000000000000e+02 5.010000000000000000e+02 6.010000000000000000e+02 7.010000000000000000e+02 8.010000000000000000e+02 9.010000000000000000e+02 9.510000000000000000e+02 1.001000000000000000e+03 1.051000000000000000e+03 1.101000000000000000e+03 1.201000000000000000e+03 1.301000000000000000e+03 1.401000000000000000e+03 1.501000000000000000e+03 1.601000000000000000e+03 1.701000000000000000e+03 1.801000000000000000e+03 1.901000000000000000e+03 2.001000000000000000e+03
2.000000000000000000e+00 5.100000000000000000e+01 1.010000000000000000e+02 2.010000000000000000e+02 3.010000000000000000e+02 4.010000000000000000e+02 5.010000000000000000e+02 6.010000000000000000e+02 7.010000000000000000e+02 8.010000000000000000e+02 9.010000000000000000e+02 9.510000000000000000e+02 1.001000000000000000e+03 1.051000000000000000e+03 1.101000000000000000e+03 1.201000000000000000e+03 1.301000000000000000e+03 1.401000000000000000e+03 1.501000000000000000e+03 1.601000000000000000e+03 1.701000000000000000e+03 1.801000000000000000e+03 1.901000000000000000e+03 2.001000000000000000e+03
2.000000000000000000e+00 5.100000000000000000e+01 1.010000000000000000e+02 2.010000000000000000e+02 3.010000000000000000e+02 4.010000000000000000e+02 5.010000000000000000e+02 6.010000000000000000e+02 7.010000000000000000e+02 8.010000000000000000e+02 9.010000000000000000e+02 9.510000000000000000e+02 1.001000000000000000e+03 1.051000000000000000e+03 1.101000000000000000e+03 1.201000000000000000e+03 1.301000000000000000e+03 1.401000000000000000e+03 1.501000000000000000e+03 1.601000000000000000e+03 1.701000000000000000e+03 1.801000000000000000e+03 1.901000000000000000e+03 2.001000000000000000e+03
2.000000000000000000e+00 5.100000000000000000e+01 1.010000000000000000e+02 2.010000000000000000e+02 3.010000000000000000e+02 4.010000000000000000e+02 5.010000000000000000e+02 6.010000000000000000e+02 7.010000000000000000e+02 8.010000000000000000e+02 9.010000000000000000e+02 9.510000000000000000e+02 1.001000000000000000e+03 1.051000000000000000e+03 1.101000000000000000e+03 1.201000000000000000e+03 1.301000000000000000e+03 1.401000000000000000e+03 1.501000000000000000e+03 1.601000000000000000e+03 1.701000000000000000e+03 1.801000000000000000e+03 1.901000000000000000e+03 2.001000000000000000e+03
2.000000000000000000e+00 5.100000000000000000e+01 1.010000000000000000e+02 2.010000000000000000e+02 3.010000000000000000e+02 4.010000000000000000e+02 5.010000000000000000e+02 6.010000000000000000e+02 7.010000000000000000e+02 8.010000000000000000e+02 9.010000000000000000e+02 9.510000000000000000e+02 1.001000000000000000e+03 1.051000000000000000e+03 1.101000000000000000e+03 1.201000000000000000e+03 1.301000000000000000e+03 1.401000000000000000e+03 1.501000000000000000e+03 1.601000000000000000e+03 1.701000000000000000e+03 1.801000000000000000e+03 1.901000000000000000e+03 2.001000000000000000e+03
2.000000000000000000e+00 5.100000000000000000e+01 1.010000000000000000e+02 2.010000000000000000e+02 3.010000000000000000e+02 4.010000000000000000e+02 5.010000000000000000e+02 6.010000000000000000e+02 7.010000000000000000e+02 8.010000000000000000e+02 9.010000000000000000e+02 9.510000000000000000e+02 1.001000000000000000e+03 1.051000000000000000e+03 1.101000000000000000e+03 1.201000000000000000e+03 1.301000000000000000e+03 1.401000000000000000e+03 1.501000000000000000e+03 1.601000000000000000e+03 1.701000000000000000e+03 1.801000000000000000e+03 1.901000000000000000e+03 2.001000000000000000e+03
2.000000000000000000e+00 5.100000000000000000e+01 1.010000000000000000e+02 2.010000000000000000e+02 3.010000000000000000e+02 4.010000000000000000e+02 5.010000000000000000e+02 6.010000000000000000e+02 7.010000000000000000e+02 8.010000000000000000e+02 9.010000000000000000e+02 9.510000000000000000e+02 1.001000000000000000e+03 1.051000000000000000e+03 1.101000000000000000e+03 1.201000000000000000e+03 1.301000000000000000e+03 1.401000000000000000e+03 1.501000000000000000e+03 1.601000000000000000e+03 1.701000000000000000e+03 1.801000000000000000e+03 1.901000000000000000e+03 2.001000000000000000e+03
2.000000000000000000e+00 5.100000000000000000e+01 1.010000000000000000e+02 2.010000000000000000e+02 3.010000000000000000e+02 4.010000000000000000e+02 5.010000000000000000e+02 6.010000000000000000e+02 7.010000000000000000e+02 8.010000000000000000e+02 9.010000000000000000e+02 9.510000000000000000e+02 1.001000000000000000e+03 1.051000000000000000e+03 1.101000000000000000e+03 1.201000000000000000e+03 1.301000000000000000e+03 1.401000000000000000e+03 1.501000000000000000e+03 1.601000000000000000e+03 1.701000000000000000e+03 1.801000000000000000e+03 1.901000000000000000e+03 2.001000000000000000e+03
2.000000000000000000e+00 5.100000000000000000e+01 1.010000000000000000e+02 2.010000000000000000e+02 3.010000000000000000e+02 4.010000000000000000e+02 5.010000000000000000e+02 6.010000000000000000e+02 7.010000000000000000e+02 8.010000000000000000e+02 9.010000000000000000e+02 9.510000000000000000e+02 1.001000000000000000e+03 1.051000000000000000e+03 1.101000000000000000e+03 1.201000000000000000e+03 1.301000000000000000e+03 1.401000000000000000e+03 1.501000000000000000e+03 1.601000000000000000e+03 1.701000000000000000e+03 1.801000000000000000e+03 1.901000000000000000e+03 2.001000000000000000e+03
2.000000000000000000e+00 5.100000000000000000e+01 1.010000000000000000e+02 2.010000000000000000e+02 3.010000000000000000e+02 4.010000000000000000e+02 5.010000000000000000e+02 6.010000000000000000e+02 7.010000000000000000e+02 8.010000000000000000e+02 9.010000000000000000e+02 9.510000000000000000e+02 1.001000000000000000e+03 1.051000000000000000e+03 1.101000000000000000e+03 1.201000000000000000e+03 1.301000000000000000e+03 1.401000000000000000e+03 1.501000000000000000e+03 1.601000000000000000e+03 1.701000000000000000e+03 1.801000000000000000e+03 1.901000000000000000e+03 2.001000000000000000e+03
