1.999000000000000110e+00 4.975300000000000011e+01 9.538299999999999557e+01 1.805709999999999980e+02 2.522949999999999875e+02 3.117130000000000223e+02 3.687200000000000273e+02 3.978700000000000045e+02 4.041440000000000055e+02 3.905500000000000114e+02 3.484730000000000132e+02 3.025049999999999955e+02 7.967999999999999972e+00 3.129999999999999893e+00 2.587000000000000188e+00 2.117999999999999883e+00 1.828000000000000069e+00 1.752000000000000002e+00 1.635999999999999899e+00 1.516999999999999904e+00 1.502000000000000002e+00 1.445000000000000062e+00 1.433000000000000052e+00 1.350999999999999979e+00
1.999000000000000110e+00 4.947200000000000131e+01 9.519400000000000261e+01 1.811910000000000025e+02 2.512019999999999982e+02 3.102429999999999950e+02 3.648430000000000177e+02 3.930919999999999845e+02 4.024490000000000123e+02 3.837019999999999982e+02 3.526419999999999959e+02 3.057980000000000018e+02 6.051000000000000156e+00 3.430000000000000160e+00 2.573999999999999844e+00 2.057999999999999829e+00 1.909000000000000030e+00 1.776999999999999913e+00 1.616000000000000103e+00 1.540000000000000036e+00 1.487999999999999989e+00 1.429999999999999938e+00 1.487999999999999989e+00 1.385999999999999899e+00
1.999000000000000110e+00 4.974900000000000233e+01 9.599200000000000443e+01 1.788069999999999879e+02 2.499639999999999986e+02 3.132470000000000141e+02 3.583240000000000123e+02 3.971050000000000182e+02 4.069409999999999741e+02 4.051560000000000059e+02 3.601569999999999823e+02 3.010099999999999909e+02 6.685999999999999943e+00 3.311999999999999833e+00 2.516000000000000014e+00 2.087000000000000188e+00 1.931000000000000050e+00 1.752000000000000002e+00 1.610000000000000098e+00 1.530000000000000027e+00 1.566999999999999948e+00 1.441000000000000059e+00 1.457000000000000073e+00 1.342999999999999972e+00
1.999000000000000110e+00 4.965699999999999648e+01 9.574599999999999511e+01 1.810850000000000080e+02 2.532500000000000000e+02 3.128519999999999754e+02 3.616120000000000232e+02 3.913489999999999895e+02 4.115799999999999841e+02 3.974390000000000214e+02 3.575020000000000095e+02 2.948720000000000141e+02 7.770999999999999908e+00 3.060999999999999943e+00 2.701999999999999957e+00 2.092000000000000082e+00 1.889000000000000012e+00 1.745000000000000107e+00 1.681999999999999940e+00 1.578000000000000069e+00 1.538999999999999924e+00 1.465000000000000080e+00 1.419999999999999929e+00 1.381999999999999895e+00
1.999000000000000110e+00 4.972800000000000153e+01 9.598399999999999466e+01 1.789139999999999873e+02 2.545070000000000050e+02 3.138090000000000259e+02 3.589940000000000282e+02 3.940380000000000109e+02 4.157470000000000141e+02 3.978500000000000227e+02 3.470579999999999927e+02 3.187810000000000059e+02 1.078100000000000058e+01 3.303999999999999826e+00 2.696000000000000174e+00 2.112000000000000099e+00 1.846000000000000085e+00 1.739999999999999991e+00 1.641000000000000014e+00 1.574000000000000066e+00 1.526000000000000023e+00 1.487000000000000099e+00 1.368000000000000105e+00 1.387000000000000011e+00
1.999000000000000110e+00 4.956099999999999994e+01 9.568300000000000693e+01 1.799739999999999895e+02 2.539399999999999977e+02 3.108220000000000027e+02 3.578369999999999891e+02 3.889900000000000091e+02 4.028009999999999877e+02 4.024100000000000250e+02 3.514340000000000259e+02 2.943000000000000114e+02 8.569000000000000838e+00 3.064999999999999947e+00 2.475999999999999979e+00 2.150999999999999801e+00 1.925999999999999934e+00 1.758000000000000007e+00 1.627000000000000002e+00 1.584000000000000075e+00 1.461999999999999966e+00 1.483000000000000096e+00 1.457000000000000073e+00 1.395000000000000018e+00
1.999000000000000110e+00 4.966100000000000136e+01 9.581699999999999307e+01 1.811630000000000109e+02 2.531040000000000134e+02 3.146829999999999927e+02 3.609110000000000014e+02 3.831700000000000159e+02 4.051739999999999782e+02 3.960199999999999818e+02 3.472019999999999982e+02 3.107139999999999986e+02 5.709999999999999964e+00 2.947000000000000064e+00 2.479999999999999982e+00 2.198999999999999844e+00 1.794000000000000039e+00 1.776999999999999913e+00 1.606999999999999984e+00 1.536999999999999922e+00 1.465000000000000080e+00 1.495999999999999996e+00 1.409999999999999920e+00 1.395000000000000018e+00
1.999000000000000110e+00 4.964000000000000057e+01 9.557999999999999829e+01 1.791040000000000134e+02 2.529730000000000132e+02 3.118310000000000173e+02 3.658879999999999768e+02 3.888550000000000182e+02 4.127570000000000050e+02 3.967239999999999895e+02 3.623809999999999718e+02 3.135950000000000273e+02 6.222999999999999865e+00 3.036999999999999922e+00 2.504000000000000004e+00 2.172000000000000153e+00 1.866999999999999993e+00 1.828999999999999959e+00 1.564999999999999947e+00 1.536000000000000032e+00 1.544999999999999929e+00 1.439000000000000057e+00 1.385999999999999899e+00 1.377000000000000002e+00
1.999000000000000110e+00 4.962599999999999767e+01 9.607299999999999329e+01 1.811889999999999930e+02 2.537870000000000061e+02 3.153530000000000086e+02 3.620470000000000255e+02 3.951129999999999995e+02 4.075430000000000064e+02 3.830840000000000032e+02 3.462130000000000223e+02 3.144900000000000091e+02 6.368999999999999773e+00 3.111000000000000210e+00 2.787999999999999812e+00 2.218999999999999861e+00 1.826999999999999957e+00 1.737999999999999989e+00 1.645999999999999908e+00 1.580000000000000071e+00 1.548000000000000043e+00 1.455000000000000071e+00 1.383999999999999897e+00 1.368000000000000105e+00
1.999000000000000110e+00 4.983700000000000330e+01 9.602800000000000580e+01 1.806020000000000039e+02 2.519929999999999950e+02 3.163919999999999959e+02 3.597400000000000091e+02 3.920810000000000173e+02 3.980199999999999818e+02 4.004189999999999827e+02 3.472780000000000200e+02 2.907409999999999854e+02 7.443999999999999950e+00 3.145000000000000018e+00 2.701999999999999957e+00 2.178999999999999826e+00 1.935000000000000053e+00 1.705999999999999961e+00 1.711999999999999966e+00 1.592000000000000082e+00 1.477000000000000091e+00 1.411999999999999922e+00 1.395000000000000018e+00 1.354000000000000092e+00
1.999000000000000110e+00 5.003099999999999881e+01 9.565600000000000591e+01 1.792940000000000111e+02 2.535380000000000109e+02 3.136449999999999818e+02 3.598140000000000214e+02 3.943860000000000241e+02 4.018009999999999877e+02 4.069390000000000214e+02 3.489250000000000114e+02 3.005690000000000168e+02 6.453999999999999737e+00 3.051000000000000156e+00 2.504999999999999893e+00 2.205999999999999961e+00 1.816000000000000059e+00 1.750000000000000000e+00 1.647000000000000020e+00 1.594000000000000083e+00 1.526000000000000023e+00 1.435999999999999943e+00 1.461999999999999966e+00 1.354000000000000092e+00
1.999000000000000110e+00 4.966199999999999903e+01 9.530299999999999727e+01 1.814279999999999973e+02 2.518950000000000102e+02 3.139399999999999977e+02 3.653580000000000041e+02 3.887529999999999859e+02 4.138940000000000055e+02 4.016630000000000109e+02 3.434959999999999809e+02 2.880500000000000114e+02 7.240999999999999659e+00 3.044999999999999929e+00 2.670999999999999819e+00 2.185000000000000053e+00 1.868000000000000105e+00 1.679000000000000048e+00 1.653999999999999915e+00 1.568999999999999950e+00 1.506999999999999895e+00 1.471000000000000085e+00 1.379999999999999893e+00 1.354999999999999982e+00
1.999000000000000110e+00 4.976500000000000057e+01 9.606799999999999784e+01 1.801860000000000070e+02 2.538340000000000032e+02 3.124340000000000259e+02 3.583369999999999891e+02 3.873179999999999836e+02 4.208899999999999864e+02 3.922810000000000059e+02 3.625659999999999741e+02 3.020029999999999859e+02 8.304999999999999716e+00 3.233000000000000096e+00 2.597999999999999865e+00 2.237000000000000099e+00 1.848999999999999977e+00 1.758999999999999897e+00 1.592000000000000082e+00 1.487000000000000099e+00 1.522999999999999909e+00 1.415999999999999925e+00 1.431999999999999940e+00 1.370000000000000107e+00
1.999000000000000110e+00 4.973599999999999710e+01 9.581699999999999307e+01 1.788069999999999879e+02 2.522539999999999907e+02 3.149689999999999941e+02 3.559470000000000027e+02 3.929839999999999804e+02 4.161490000000000009e+02 4.061610000000000014e+02 3.562780000000000200e+02 3.005720000000000027e+02 7.991999999999999993e+00 3.229999999999999982e+00 2.451000000000000068e+00 2.133999999999999897e+00 1.879999999999999893e+00 1.798000000000000043e+00 1.655000000000000027e+00 1.550000000000000044e+00 1.534999999999999920e+00 1.465999999999999970e+00 1.437000000000000055e+00 1.393999999999999906e+00
1.999000000000000110e+00 4.967600000000000193e+01 9.586700000000000443e+01 1.790780000000000030e+02 2.531790000000000020e+02 3.180310000000000059e+02 3.643129999999999882e+02 3.934220000000000255e+02 4.074499999999999886e+02 3.892049999999999841e+02 3.461170000000000186e+02 3.211290000000000191e+02 8.585000000000000853e+00 2.980999999999999872e+00 2.753000000000000114e+00 2.120000000000000107e+00 1.824999999999999956e+00 1.727999999999999980e+00 1.639000000000000012e+00 1.655000000000000027e+00 1.489999999999999991e+00 1.431000000000000050e+00 1.397000000000000020e+00 1.389999999999999902e+00
1.999000000000000110e+00 4.970600000000000307e+01 9.580500000000000682e+01 1.792059999999999889e+02 2.523720000000000141e+02 3.133620000000000232e+02 3.621870000000000118e+02 3.884039999999999964e+02 4.160240000000000009e+02 4.056759999999999877e+02 3.688450000000000273e+02 2.879309999999999832e+02 7.048000000000000043e+00 2.943000000000000060e+00 2.649999999999999911e+00 2.184000000000000163e+00 1.836999999999999966e+00 1.741000000000000103e+00 1.633000000000000007e+00 1.554000000000000048e+00 1.516000000000000014e+00 1.447000000000000064e+00 1.413000000000000034e+00 1.344000000000000083e+00
1.999000000000000110e+00 4.969299999999999784e+01 9.594400000000000261e+01 1.797189999999999941e+02 2.547259999999999991e+02 3.160110000000000241e+02 3.617139999999999986e+02 3.958899999999999864e+02 3.987769999999999868e+02 3.977869999999999777e+02 3.526429999999999723e+02 3.060720000000000027e+02 8.694000000000000838e+00 3.307999999999999829e+00 2.579000000000000181e+00 2.096000000000000085e+00 1.881000000000000005e+00 1.758999999999999897e+00 1.572999999999999954e+00 1.544999999999999929e+00 1.544999999999999929e+00 1.475999999999999979e+00 1.435999999999999943e+00 1.344000000000000083e+00
1.999000000000000110e+00 4.970900000000000318e+01 9.576999999999999602e+01 1.787050000000000125e+02 2.545399999999999920e+02 3.102289999999999850e+02 3.672760000000000105e+02 3.937339999999999804e+02 4.086370000000000005e+02 3.966960000000000264e+02 3.559379999999999882e+02 3.117280000000000086e+02 8.611000000000000654e+00 3.100999999999999979e+00 2.516999999999999904e+00 2.129999999999999893e+00 1.959000000000000075e+00 1.752000000000000002e+00 1.635000000000000009e+00 1.602000000000000091e+00 1.516999999999999904e+00 1.473000000000000087e+00 1.445000000000000062e+00 1.399000000000000021e+00
1.999000000000000110e+00 4.970100000000000051e+01 9.587399999999999523e+01 1.791339999999999861e+02 2.547539999999999907e+02 3.181850000000000023e+02 3.593629999999999995e+02 3.900160000000000196e+02 4.125020000000000095e+02 4.047280000000000086e+02 3.732909999999999968e+02 3.013090000000000259e+02 7.350999999999999979e+00 3.084999999999999964e+00 2.795999999999999819e+00 2.116000000000000103e+00 1.981000000000000094e+00 1.774000000000000021e+00 1.625999999999999890e+00 1.618999999999999995e+00 1.540000000000000036e+00 1.504999999999999893e+00 1.415000000000000036e+00 1.366999999999999993e+00
1.999000000000000110e+00 4.969100000000000250e+01 9.612600000000000477e+01 1.797669999999999959e+02 2.507199999999999989e+02 3.132479999999999905e+02 3.613190000000000168e+02 3.907819999999999823e+02 4.042989999999999782e+02 4.032950000000000159e+02 3.563319999999999936e+02 3.023770000000000095e+02 6.067999999999999616e+00 3.291999999999999815e+00 2.495000000000000107e+00 2.083000000000000185e+00 1.959000000000000075e+00 1.727999999999999980e+00 1.679000000000000048e+00 1.641000000000000014e+00 1.528000000000000025e+00 1.467999999999999972e+00 1.417999999999999927e+00 1.381000000000000005e+00
1.999000000000000110e+00 4.968099999999999739e+01 9.582200000000000273e+01 1.791419999999999959e+02 2.536920000000000073e+02 3.125210000000000150e+02 3.612189999999999941e+02 4.010149999999999864e+02 4.099590000000000032e+02 4.026630000000000109e+02 3.518299999999999841e+02 2.775160000000000196e+02 6.942000000000000171e+00 3.104999999999999982e+00 2.669999999999999929e+00 2.188000000000000167e+00 1.875000000000000000e+00 1.824999999999999956e+00 1.677999999999999936e+00 1.552000000000000046e+00 1.502000000000000002e+00 1.445999999999999952e+00 1.441999999999999948e+00 1.350999999999999979e+00
1.999000000000000110e+00 4.952000000000000313e+01 9.627599999999999625e+01 1.802589999999999861e+02 2.523609999999999900e+02 3.139039999999999964e+02 3.587130000000000223e+02 3.956510000000000105e+02 4.113840000000000146e+02 4.127139999999999986e+02 3.580140000000000100e+02 3.063670000000000186e+02 6.764999999999999680e+00 3.400999999999999801e+00 2.617999999999999883e+00 2.146999999999999797e+00 1.850999999999999979e+00 1.766000000000000014e+00 1.627000000000000002e+00 1.588999999999999968e+00 1.574000000000000066e+00 1.483999999999999986e+00 1.375999999999999890e+00 1.381999999999999895e+00
1.999000000000000110e+00 4.968999999999999773e+01 9.595999999999999375e+01 1.798009999999999877e+02 2.503979999999999961e+02 3.164359999999999786e+02 3.623170000000000073e+02 3.938700000000000045e+02 4.054800000000000182e+02 3.897959999999999923e+02 3.462950000000000159e+02 3.131499999999999773e+02 1.163799999999999990e+01 3.123000000000000220e+00 2.568999999999999950e+00 2.092000000000000082e+00 1.868000000000000105e+00 1.774999999999999911e+00 1.576999999999999957e+00 1.530999999999999917e+00 1.520000000000000018e+00 1.495000000000000107e+00 1.461000000000000076e+00 1.421999999999999931e+00
1.999000000000000110e+00 4.965899999999999892e+01 9.570000000000000284e+01 1.805989999999999895e+02 2.539929999999999950e+02 3.149510000000000218e+02 3.582699999999999818e+02 3.940179999999999723e+02 4.208770000000000095e+02 3.959859999999999900e+02 3.554590000000000032e+02 3.078949999999999818e+02 5.839000000000000412e+00 3.250000000000000000e+00 2.428999999999999826e+00 2.111000000000000210e+00 1.828999999999999959e+00 1.768999999999999906e+00 1.669999999999999929e+00 1.566999999999999948e+00 1.508000000000000007e+00 1.461000000000000076e+00 1.395999999999999908e+00 1.368999999999999995e+00
1.999000000000000110e+00 4.966299999999999670e+01 9.568399999999999750e+01 1.804029999999999916e+02 2.534279999999999973e+02 3.165620000000000118e+02 3.580339999999999918e+02 3.895769999999999982e+02 4.034289999999999736e+02 4.066469999999999914e+02 3.535810000000000173e+02 3.017029999999999745e+02 7.035000000000000142e+00 3.115000000000000213e+00 2.677000000000000046e+00 2.032000000000000028e+00 1.852000000000000091e+00 1.743999999999999995e+00 1.600000000000000089e+00 1.568000000000000060e+00 1.500999999999999890e+00 1.425999999999999934e+00 1.413999999999999924e+00 1.401000000000000023e+00
